  1  0            33 11.8079       65  0            97  0
  2  0            34  0.946012     66  2.63013      98  9.86954
  3 15.625        35 13.1579       67  0            99 10.0625
  4  0            36  0            68  0           100  0
  5 15.625        37  0            69  0           101  0
  6  0            38  0            70  0.0120545   102  0
  7  0            39  0            71  0           103  0
  8  0            40  2.77778      72  0           104 11.6279
  9 14.4928       41  0            73  0           105  0
 10  0            42  0            74  0           106  0
 11 12.9704       43 11.82         75  0           107  0
 12  0            44  0            76  0           108  0
 13  0            45  0            77  2.34471     109  0
 14  0            46  0            78  0           110  0
 15 12.7959       47  0            79  0           111  0
 16  0            48  0            80  0           112  0
 17 13.5135       49  0            81  0           113  0
 18  0            50  0            82  0           114  0
 19  0            51  0            83 15.0069      115  0
 20  0.065757     52  0            84  0           116  0
 21 12.7777       53  0            85  0           117  0
 22  0            54  2.5974       86  0           118  0
 23  0.672242     55  0.940251     87 11.9048      119  0
 24  0            56  0            88  0           120  0
 25  0            57  0            89  0           121  0
 26  0            58  0            90  0           122  0
 27  1.31535      59  0            91  0           123  0
 28  0            60  0            92  2.32558     124  0
 29 12.3457       61  0            93  0.465377    125  0
 30  0            62  0            94  0           126  0
 31  0            63  0            95  0
 32  2.53165      64  0            96  0

