  1  0            33  5.56661      65  0            97  0
  2  0            34  6.66667      66 12.3129       98  0.948631
  3 14.2907       35 13.1579       67  0            99  9.75368
  4  0.537311     36  0.673964     68  0           100  0
  5 15.625        37  6.66667      69  0           101  0
  6  0            38  0            70  0           102  0
  7  0            39  0            71  0           103  0
  8  0            40 10.6478       72  0           104 10.0882
  9 13.2165       41  0            73  0           105  1.10485
 10  0            42  0.809229     74  0           106  0
 11  8.10364      43  4.85492      75  0           107  0
 12  0            44  0.259757     76  0           108  0
 13  0            45  0            77  1.53722     109  0
 14  0.176443     46  1.23007      78  0           110  0
 15 11.5073       47  0            79  0           111  0.221729
 16  2.20913      48  1.0365       80  0.137174    112  0
 17 13.5135       49  4.32929      81  0           113  0
 18  0            50  0.242279     82  0           114  0
 19  0            51  0            83 15.0284      115  1.33431
 20  0.124556     52  0            84  0           116  0
 21 11.4565       53  0            85  0           117  0
 22  1.38967      54  1.161        86  0.956878    118  0
 23  1.8792       55  0            87 11.1841      119  0
 24  0.219834     56  0            88  0           120  0
 25  1.86593      57  0            89  0           121  5.72499
 26  0.0134325    58  9.77891      90  0           122  0
 27  6.18207      59  0            91  0           123  0
 28  0.0938967    60  0.0121859    92 10.5779      124  0.36483
 29  9.42494      61  0.332151     93  0           125  0
 30  0.827491     62  0            94  0           126  0
 31  0            63  0            95  0
 32  0            64  0.166218     96  0
