14.761,14.761,14.618,14.487,13.862,13.862,13.216,19.049,19.049,18.917,18.917,19.015,0,0.41271,12.095,11.98,11.988,11.392,11.392,0,0,0,11.465,12.093,12.436,0.97106,0.98336,0,0,0,7.9808,13.411,13.833,5.8524,5.9589,0,0,0.11431,5.6231,5.6231,9.0231,3.4,3.4,0,0,6.6,6.6,6.6488,6.7146,0.047887,0.047887,0,0,5.0635,5.0635,12.628,12.534,7.4193,7.4193,0,0.23986,4.5259,4.5259,5.6746,5.829,1.2575,6.1562,4.9331,4.9331,4.9331,0,0,0,0,0,0,0.32883,0.32883,1.1663,1.1663
14.761,14.761,14.618,14.487,14.499,13.719,26.936,32.769,32.769,18.917,18.785,18.883,18.883,13.233,12.093,11.978,11.986,11.277,11.162,11.162,11.162,0,11.464,11.977,12.32,12.198,0.98336,0,0,0,7.962,13.331,13.753,11.911,5.9589,0,0,0.11431,5.5674,9.1007,8.9674,3.4,3.4,0,0,6.5333,6.5333,6.5822,6.7146,0.047887,0.047887,0,0.25456,5.0124,5.0124,12.58,12.534,7.4193,7.4193,0.23743,4.4801,4.4801,4.4826,5.8076,5.829,6.2527,6.1562,4.9331,4.9331,4.9331,0,0,0,0,0,0.91108,0.90003,1.163,1.1663,1.1663
0,0.62541,14.63,14.487,14.499,13.807,13.809,13.576,26.518,32.448,32.316,18.883,18.751,18.849,13.282,13.28,11.984,11.877,11.162,11.162,11.162,11.162,11.463,11.348,12.224,12.103,12.103,1.0091,0,0,7.9432,7.8196,13.787,11.964,5.9672,0,0,0.11431,5.5139,9.0473,8.8663,3.4667,3.4667,0,0,6.4667,6.4667,6.5155,0.048826,0.048826,0,0.25196,4.9612,4.9612,5.7004,12.58,7.5647,7.7997,0.23501,4.4344,4.4344,4.5721,5.7887,5.5678,1.2796,6.2748,5.0318,5.0318,4.901,0,0,0,0,0.91881,0.90776,1.1925,1.1761,1.163,2.3878,2.059
0,0,0.63744,0.63744,14.499,14.367,13.809,13.666,13.433,13.433,32.173,32.173,32.041,32.139,19.416,13.024,13.024,24.301,11.599,11.162,11.047,11.047,11.168,22.395,12.243,12.243,12.122,12.122,0,0,1.823,7.8196,13.901,13.888,12.079,0,0,0.11651,5.5161,9.0495,8.9329,8.9329,0,0,0,6.4667,6.4667,6.5164,0.049765,0.049765,0.25196,0.25196,4.9612,4.9612,12.806,12.468,7.9428,7.9428,4.432,4.5719,4.5719,5.765,5.5488,1.3039,6.3933,6.2991,4.9952,4.9952,0,0,0,0.60767,0.91548,0.91548,1.1892,1.1925,1.1761,2.4033,2.059,2.059
0.18606,0.18606,0.54934,0.63744,0.63744,0.64781,0.65983,13.666,13.525,13.433,13.29,19.451,31.996,31.853,31.819,32.287,13.022,12.89,12.898,23.453,11.047,11.047,11.053,11.052,22.164,12.242,12.007,12.007,11.675,0,1.8228,7.8008,13.883,13.808,12.017,5.9348,0.12091,0.11651,5.5161,8.9938,8.8773,8.8773,0,0,6.4,6.4,6.4516,6.5164,0.049765,0.29913,0.24937,4.9101,4.9127,5.677,12.551,7.9428,7.9428,7.2063,4.5284,4.5286,5.7436,5.5276,1.3061,1.3061,6.3956,4.9952,4.9952,4.9952,0.62976,0.61872,0.61872,0.92653,0.91548,1.2056,1.1892,1.1925,2.4274,1.5197,1.5009,1.2215
0.18606,0.18606,0.18606,0.74942,0.55971,0.64947,0.65983,0.6702,0.09142,13.526,13.383,13.29,19.406,19.263,31.819,31.715,32.103,25.615,25.615,12.612,23.206,23.206,10.932,10.935,10.935,23.076,12.026,11.912,11.56,10.884,0.012761,1.7854,13.979,13.842,12.07,11.836,0.12091,0.11871,0.11871,9.007,8.8883,8.8883,0,0,6.3333,6.3333,6.385,6.5174,0.29747,0.29747,0.24677,4.8615,4.8641,5.6042,12.793,8.0834,8.2278,4.4873,4.4851,5.4874,5.5086,1.3304,1.3304,6.4709,5.0895,5.0895,5.7303,0.62976,0.62976,0.93094,0.93094,1.2154,1.2023,1.2056,1.2003,3.0503,3.0315,2.7467,5.6819,5.6819
0.18606,0.18606,0.18606,0.18971,0.76343,0.76343,0.66149,0.67186,0.68222,0.093082,0.093082,0.094744,13.147,19.263,19.263,19.12,32.111,32.075,25.478,25.354,24.603,12.027,22.959,22.961,10.934,11.19,22.747,22.633,11.446,11.47,10.782,1.7853,8.078,13.938,13.877,11.774,5.9321,0.12091,0.12091,8.9549,8.8993,8.8993,5.2326,0,6.2667,6.2667,6.3183,0.29581,0.29581,0.24417,4.8104,4.813,5.5835,13.104,8.2289,8.373,11.678,4.444,5.4684,5.4896,5.5108,1.215,6.5872,5.278,5.8356,5.8356,5.8245,0.62976,0.94199,0.93094,1.2318,1.2265,2.7001,2.0847,3.0437,3.0403,5.7084,5.6665,5.6819,4.4416
0.18606,0.18606,0.18606,0.18971,0.19336,0.7738,0.77745,0.67352,0.68389,0.68389,0.093082,0.094744,0.094744,0,19.361,19.218,19.243,19.79,31.939,25.352,24.921,24.317,24.185,34.987,22.695,22.958,11.884,22.652,22.544,11.356,10.667,12.911,2.2112,14.034,13.911,11.712,5.8724,0.12311,0.12311,9.0216,8.9103,8.9103,5.1769,0,6.2,6.2535,6.4942,0.29416,0.29416,0.24417,4.7618,5.5325,5.5325,13.262,8.5207,12.545,11.767,5.4274,5.4706,5.4918,1.2371,1.2371,6.0462,5.9409,5.9298,5.9298,0.64081,0.93866,2.6899,2.6845,2.0581,2.0527,2.0661,3.0437,6.078,5.7844,5.7272,5.6853,9.416,9.416
0,0,0.19336,0.19336,0.19336,0.19336,0.78781,0.78781,0.79146,0.68555,0.69591,0.094744,0.094744,0.096406,0.098069,6.4541,6.4541,19.798,19.655,19.753,25.085,24.317,24.185,24.027,34.842,34.979,22.832,23.303,22.326,21.827,21.852,11.139,12.874,8.2762,14.026,11.946,5.8746,5.8746,0.12531,3.8,8.9769,8.9769,5.1769,6.2,6.2,6.2535,6.4951,0.2951,0.2951,4.9821,4.738,5.6809,5.6811,8.6638,8.6662,11.67,4.1704,5.4296,5.3287,1.9442,1.9442,6.1404,6.0462,6.0351,6.0241,2.0661,2.375,2.6813,2.0448,2.0394,2.0581,1.7459,3.0579,5.8451,10.957,10.973,10.818,7.8941,7.8941,7.8941
0,0,0,0,0.19701,0.19701,0.19701,0.78781,0.79146,0.79511,0.90022,0.70628,0.094744,0.096406,0.098069,0.098069,6.4541,6.6182,7.0777,19.751,19.706,12.767,24.185,23.91,23.881,23.749,34.692,35.032,34.917,33.326,21.852,21.496,12.741,18.798,13.535,11.946,12.095,5.8128,5.8128,3.8,8.9769,8.9213,5.1213,11.255,6.1333,6.4258,6.4925,0.2925,0.46205,4.687,5.6577,5.6323,13.444,8.6638,11.629,11.629,5.4327,5.9925,1.9553,1.9442,6.2457,6.1404,7.4297,7.4186,7.7209,2.364,2.0128,2.0261,2.0448,2.0394,7.2079,11.556,11.115,11.112,9.4816,9.4816,8.1062,8.0086,4.9744,4.9744
0,0,0,0,0,0.19701,0.19701,0.19701,0.80183,0.80547,0.80547,0.91589,0.71831,0.096406,0.098069,0.098069,0.099731,6.5519,7.1836,7.1818,7.2796,7.2877,12.29,12.147,23.88,23.748,23.996,34.194,34.661,34.27,44.821,33.378,22.876,29.021,18.299,13.751,12.035,5.7532,5.6257,3.8667,9.0436,8.9323,5.0656,11.132,6.3594,6.3575,0.29084,0.51391,5.033,4.7914,5.6091,5.6462,8.943,12.526,11.72,13.615,5.9934,6.0146,3.3301,3.3191,7.5985,7.4932,7.5085,7.8108,2.0028,2.0181,2.0128,7.5857,7.6044,10.404,9.9835,9.8099,9.6551,9.6551,9.5576,8.2609,5.0719,4.9744,4.9744,4.9744
0.84401,0.84401,0.84401,0,0,0,0,0.2043,0.2043,0.81584,0.81584,0.81949,0.82985,0.94194,0.098069,0.098069,0.099731,0.10139,6.9134,7.2859,7.2859,7.2859,7.2411,0,12.118,12.116,24.002,23.726,24.208,34.55,33.904,44.554,45.418,45.254,28.648,18.402,12.038,5.6936,5.5639,9.4972,3.9333,8.9433,5.0099,11.244,6.2901,6.2892,0.66726,0.66764,4.7405,5.5906,5.5606,5.4372,13.37,12.389,13.736,7.3053,7.3154,3.3325,3.3215,7.7827,7.6095,6.9135,7.2278,7.8417,7.7541,7.7728,7.6699,6.1768,9.1345,10.002,9.9835,9.8099,9.6551,24.233,22.936,19.845,14.578,15.408,15.559,15.559
0.84401,0.84401,0.84401,0.85562,0,0,0,0,0,0.20795,0.82985,0.82985,0.82985,0.84387,0.95761,0.099731,0.099731,0.10139,0.10139,7.3971,7.2922,7.2922,7.3981,6.7474,0.11335,0.11085,0.51523,12.234,23.489,24.091,33.916,34.022,44.33,44.854,50.766,50.763,22.343,5.6958,5.502,9.502,9.502,8.9543,11.119,11.119,6.4365,6.6632,0.66577,4.6917,5.5535,5.542,6.1075,1.7381,14.613,15.138,15.116,7.2745,3.3392,3.3546,2.0291,13.134,13.351,13.253,13.596,7.8383,6.3706,6.3739,9.2946,23.116,24.133,23.979,24.11,24.11,18.798,14.427,14.427,15.285,15.271,15.408,15.559,15.559
0.84401,0.84401,0.84264,0.85425,0.85425,0,0,0,0,0,0.20795,0.84022,0.84022,0.84387,0.85788,0.31664,0.32029,0.10139,0.10139,0.26185,7.4994,7.3963,7.3963,7.2492,6.8452,0.10961,0.10961,0.52073,0.41112,12.737,23.572,23.801,33.912,44.862,50.578,50.349,50.206,54.1,16.444,9.5069,9.5069,9.2495,10.994,11.425,11.427,6.6617,0.43033,4.6432,7.5147,7.2827,7.2136,14.827,15.207,15.211,15.247,9.7079,9.6258,7.5644,13.31,13.426,12.422,25.694,19.948,19.845,23.279,23.131,22.653,24.1,24.231,18.574,18.724,15.461,14.277,15.148,15.134,15.285,15.271,15.408,15.559,15.559
0,0.85562,0.85425,0.85288,0.85288,0.86449,0.74304,0,0,0,0,0,0.85788,0.85788,0.85788,0.86824,0.2189,0.3256,0.3256,0.10306,0.76005,7.5092,7.5108,7.2492,7.3551,7.0526,7.0526,0.52747,0.41786,0.41786,0.77446,1.2875,23.679,35.334,50.687,50.457,50.067,48.146,46.985,31.14,20.663,14.756,11.369,11.425,11.428,2.4277,6.7024,7.5087,7.126,7.1414,6.6678,15.371,21.884,21.802,21.109,21.925,20.473,25.104,25.205,25.591,25.741,25.638,19.948,23.383,23.181,17.054,18.349,18.442,18.574,18.574,15.461,14.861,14.998,15.148,15.134,0.70718,0.69384,0.69384,8.8019,8.1081
0,0,0.85425,0.85288,0.85288,0.86312,0.87473,0.87473,0,0,0,0,0.64263,0.85788,0.85788,0.86824,0.88226,0.22255,0.3256,0.32925,0.25833,0.75994,7.6068,7.6068,7.3551,7.0526,7.0514,7.567,0.52622,0.41786,1.2057,1.2874,1.2874,1.4287,33.87,50.439,50.048,48.031,46.623,50.777,41.04,20.685,23.016,23.87,13.069,2.4145,6.3823,7.0871,13.808,29.961,25.591,34.295,33.456,33.524,20.431,18.964,19.302,25.734,25.537,25.685,25.839,17.337,17.195,17.138,16.903,18.425,18.407,18.557,16.09,2.1002,0.74721,0.73387,0.72053,0.72053,0.70718,0.70718,8.9504,8.2432,8.1081,8.1081
0,0,0,0.86449,0.86449,0.86312,0.87473,0.87473,0.88634,0,0,0,0,0.65299,0.65299,0.87554,0.88591,0.89627,0.22255,0.33091,0.48618,0.4863,0.76793,7.711,7.5609,7.5786,7.0501,7.5725,7.5725,0.4246,0.44289,1.3078,1.3078,1.437,2.5614,8.4513,39.135,49.743,42.613,52.007,51.8,42.783,39.34,23.221,42.134,40.092,25.875,25.739,29.578,25.52,32.517,32.404,32.349,28.592,19.061,19.347,25.967,19.492,19.486,23.184,17.4,17.05,16.868,3.435,4.8256,4.8068,2.1269,2.1136,2.1136,0.74721,0.74721,0.73387,0.72053,0.72053,0.72053,8.3784,8.2432,8.2432,8.1081,8.1081
12.02,12.02,11.908,10.849,10.982,11.611,11.611,11.498,11.398,11.41,11.167,10.401,10.289,10.178,10.841,10.729,10.617,10.854,10.752,10.068,9.9564,10.106,10.626,10.514,10.171,17.071,16.539,16.318,16.749,16.629,9.5019,10.276,10.164,10.293,11.399,9.6635,9.5228,29.555,50.239,64.039,63.836,76.7,67.123,57.26,51.863,39.707,35.984,33.862,37.692,24.93,32.474,32.557,28.791,28.941,12.906,19.476,19.527,6.6615,10.263,10.209,3.888,3.4922,3.4922,4.8829,5.6701,2.1591,2.1457,2.1324,0.76056,0.74721,0.74721,0.74721,0.74721,8.5135,8.3784,8.3784,8.2432,8.2432,8.2432,8.2432
12.02,12.02,11.898,11.786,11.786,10.737,11.623,11.51,11.397,11.408,11.296,11.179,10.289,10.178,10.178,10.739,10.628,10.628,10.752,10.763,9.9564,9.9999,10.108,10.522,10.414,10.03,17.08,16.428,16.754,16.636,16.745,9.4964,21.946,22.077,21.428,30.279,30.252,37.924,46.481,63.557,68.709,73.886,79.336,74.069,71.922,56.525,51.911,45.199,42.448,41.673,43.307,17.594,17.482,8.0151,8.0151,14.118,17.574,17.578,17.123,10.484,10.484,10.372,12.595,8.9017,8.7765,8.7765,8.6513,7.2473,7.2473,0.76056,0,0,8.6486,8.5135,8.3784,8.3784,8.3784,8.3784,0,0
12.02,12.02,11.898,11.777,11.777,11.665,10.737,11.521,11.408,11.408,11.295,11.307,11.206,10.178,10.178,10.066,10.638,10.638,10.526,10.536,10.668,9.8518,10,10.53,10.422,10.426,20.499,26.744,28.251,28.026,28.182,28.171,21.95,29.806,30.085,32.012,38.064,38.007,36.626,43.519,51.699,72.228,67.504,71.171,71.355,65.893,41.16,37.884,33.481,31.62,31.145,27.741,26.531,17.729,18.203,17.84,17.674,17.392,10.653,11.368,11.368,9.0644,9.0456,8.9017,8.7765,8.7765,7.274,7.1622,6.3749,6.2631,15.047,14.8,14.688,14.553,14.306,14.306,14.194,5.7039,5.7039,5.7039
0.0068241,0.95413,0.94456,0.92817,0.92817,0.9186,0.9186,0.9186,0.12894,0.90681,0.90544,0.90544,0.91705,0.91705,0.80109,0,0,0.69446,0.69446,0.69446,10.323,10.323,10.004,10,10.692,11.988,11.948,12.107,19.168,27.068,27.144,27.493,28.398,30.876,30.298,32.225,38.983,36.972,37.127,32.552,30.424,49.744,44.811,56.315,51.435,40.333,41.752,42.917,32.431,41.422,37.671,26.776,26.516,27.631,27.634,27.371,17.491,17.99,11.551,11.425,9.1896,9.0644,9.0456,8.9204,8.8086,7.3992,6.4868,6.3749,6.3749,15.182,15.047,14.8,14.688,14.688,14.576,5.9276,5.8157,5.7039,5.7039,5.7039
0.0068241,0.0068241,0.0068241,0.93512,0.93512,0.9186,0.9186,0.90903,0.90903,1.038,0.91705,0.91705,0.91568,0.91568,0.92729,9.9684,9.1673,9.1673,9.8721,10.022,10.022,10.173,11.333,11.003,11.703,11.869,20.078,20.107,20.184,28.218,28.226,28.678,28.407,29.694,10.04,11.439,18.564,17.557,16.496,11.88,10,19.573,19.994,34.37,33.339,48.394,33.71,24.038,24.082,30.601,28.819,32.712,23.559,20.255,20.258,20.286,20.13,13.721,9.9867,2.2743,2.2555,2.2421,2.2421,2.2421,0,0,0,15.429,15.294,15.182,15.047,14.8,14.688,14.688,5.9276,5.9276,5.8157,5.7039,5.7039,5.7039
0.0068241,0.0068241,0.0068241,0.006946,0.93512,0.92567,0.92579,0.90903,0.89947,9.4657,9.4657,9.4832,9.4819,9.6308,9.7927,9.7927,9.8297,9.1673,10.12,10.976,10.976,11.141,19.705,19.763,19.104,20.064,19.966,21.012,10.978,10.941,17.145,17.947,17.123,17.304,17.578,2.2935,10,9.826,8.7519,11.88,9.9333,9.9972,23.86,24.886,36.501,38.074,33.956,24.192,30.224,32.276,32.081,22.994,30.029,30.249,29.884,20.344,10,10,11.31,11.291,11.272,1.4282,1.4282,0,0,0,9.1892,9.054,8.9189,8.9189,8.9189,8.9189,0,0,0,0,0,4.538,4.457,4.457
10.472,10.479,10.479,18.444,7.972,7.9721,9.0411,9.0316,9.1724,9.3154,9.3058,9.4561,9.5823,9.6424,9.7927,10.73,10.892,10.929,19.513,18.854,19.472,19.54,10.087,10,10.071,10.835,10.975,10.134,10,10,10.208,10.254,10,9.738,8.9545,8.7876,2.5732,9.7008,8.8397,13.44,10,9.9981,10.269,22.835,28.609,28.492,33.448,28.425,22.888,32.293,32.098,33.009,21.076,20.603,29.903,25.911,19.252,11.466,11.323,10.307,10.307,10.164,8.7173,8.7173,9.3243,9.1892,9.1892,9.054,8.9189,8.9189,8.9189,0,0,0,0,4.6191,4.538,4.538,4.457,4.457
18.137,18.137,18.031,18.082,18.233,18.233,8.1225,8.1225,9.1724,9.3228,9.3132,10.348,10.348,10.623,19.587,19.488,19.555,10.565,10.467,10.372,9.4388,10.082,11.048,10.939,10,10.193,10,10.088,2.0044,2.6815,2.2258,2.1598,9.4317,8.9436,8.2131,8.7209,10,9.7886,9.8132,13.594,10,14.835,13.575,9.8846,28.58,25.073,28.094,33.615,32.859,23.697,23.626,30.078,29.744,16.862,16.73,10,11.485,19.731,19.588,10.326,10.326,8.7173,8.7173,17.899,17.899,17.764,9.1892,9.1892,9.1892,0,0,0,0,4.7001,4.6191,4.6191,4.538,4.538,4.457,4.457
18.137,18.137,18.031,18.075,18.226,18.127,18.277,18.277,9.1338,10.184,10.174,10.845,10.737,10.638,10.778,11.504,10.55,10.565,10.467,10.494,10.283,9.3383,10.074,10.063,1.8502,2,1.8132,2,2.0972,1.5291,2,2,2.0092,8.8556,8.1146,8.7855,8.8833,17.516,9.901,18.949,17.666,14.787,15.074,10,19.53,28.128,25.439,23.68,28.613,32.501,29.961,16.554,16.331,25.715,25.583,10.604,10.604,10.453,10.453,19.313,17.847,8.7173,18.177,17.899,17.756,17.621,17.478,17.478,8.2886,0,0,4.7811,4.7811,4.7001,4.6191,4.6191,4.538,4.538,4.538,0
13.944,13.944,18.031,18.075,18.226,10.985,10.985,20.153,19.965,19.98,19.882,10.845,10.737,10.646,10.654,10.67,10.586,10.5,10.61,10.61,1.9179,1.7977,2,1.8739,1.8606,2,2.1954,1.0933,1.1904,0.86878,1.73,2,1.7114,1.338,8.0063,8.0099,8.8956,18.023,17.856,20.088,23.991,19.845,15.74,14.523,10.696,16.469,23.871,33.291,32.502,23.338,35.079,16.554,16.439,15.532,10.249,19.35,10.604,10.472,10.472,8.8551,18.317,18.317,26.9,17.899,17.756,17.756,8.2886,8.1457,8.1457,13.089,13.008,4.7811,4.7811,4.7001,4.6191,4.6191,4.6191,0,0,0
6.2796,7.0789,7.0789,16.663,27.062,20.333,20.348,20.145,19.957,19.98,19.777,19.792,20.575,9.7543,9.7544,9.7448,1.8349,1.957,2.7805,1.9289,1.9179,2.1091,2,2.7441,0.93253,1.1191,1.2653,1.0894,1.0046,1.0675,1.726,2.1444,1.4523,1.0168,0.38235,8.0099,8.8956,10.356,18.107,28.121,28.825,24.576,15.532,15.48,10.696,10,14.77,32.587,28.39,30.964,25.081,24.468,15.532,10.268,10.134,10,10,18.987,8.9872,18.585,18.317,18.317,18.05,18.05,26.482,8.4315,8.2886,13.17,13.089,12.946,12.865,12.641,12.641,12.641,4.7811,0,0,0,7.9688,7.9688
16.72,16.72,16.622,16.663,16.802,16.704,26.997,20.145,19.957,19.973,18.908,18.916,18.81,10.745,11.616,1.8634,1.8429,1.843,1.935,2.9777,2.9741,2.1285,1.1678,1.3497,2,1.1292,1.0766,1.0877,1.8886,1.0169,1.5455,2.1603,1.4694,1.1095,0,0.38767,8.113,9.011,18.207,43.586,43.84,33.53,15.497,10.715,5.7286,5.4562,10,19.482,34.539,30.1,15.587,15.587,17.109,10.268,10.134,10.019,10.019,18.38,18.245,18.585,18.317,18.317,18.185,18.053,8.4586,13.564,13.483,13.17,13.089,12.946,12.865,12.722,12.579,7.717,7.717,15.998,8.125,7.9688,7.9688,7.9688
17.659,17.659,17.552,17.593,17.731,16.704,16.843,16.012,16.136,16.838,9.8374,10.865,10.756,10.639,10.639,10.522,11.363,11.56,2.0285,2.1494,1.1447,2.0003,2.182,1.3495,1.1704,1.8335,1.9694,1.2807,1.1045,1.9742,1.5611,2.1761,1.8988,1.1178,0,0,0.26997,10.043,32.136,43.844,43.847,42.846,23.863,5.7933,5.1399,0.9607,14.231,18.61,25.617,34.344,20.318,17.108,10.115,10.115,10.153,10.038,18.515,18.265,18.13,18.13,9.7297,18.453,8.5907,13.645,13.645,13.432,13.218,13.218,13.137,12.946,12.946,7.8599,7.717,16.154,15.855,15.855,15.556,15.4,15.4,7.9688
11.379,11.379,11.272,17.005,17.005,7.4365,7.5597,7.5597,7.6828,7.9338,7.9227,17.883,10.748,10.631,10.639,10.522,10.614,11.466,10.46,10.46,1.153,1.3214,2.1838,1.9895,1.1691,1.1831,2.0361,1.9959,1.1002,1.9805,2,2,2.0081,1.1261,0,1.0408,5.4357,6.0192,44.218,43.953,43.88,44.331,14.198,9.415,0.28457,0,14.231,25.943,25.693,25.631,21.891,14.708,10,10,20.135,10,18.515,18.265,18.015,18.015,18.015,13.634,5.2674,13.645,13.645,13.432,13.218,13.218,13.086,8.0621,16.812,8.5938,16.154,16.154,15.855,15.855,15.556,15.257,15.257,15.257
10.693,10.693,0.92966,0.92017,0.92017,7.5597,8.6203,8.5998,8.7024,8.8255,8.805,8.9281,8.917,17.784,18.109,9.7197,9.6197,9.6197,9.5117,10.354,10.524,10.319,1.1286,2,1.9926,2.0006,1.1872,2.0037,2.0143,1.3719,1.8097,2.8324,1.8569,2.8264,5.5063,5.9254,6.0952,11.987,26.93,36.13,44.224,30.921,9.284,8.4276,8.4329,0.41422,10,21.321,25.863,17.299,13.217,14.646,10.019,20.174,18.498,18.363,10,18.4,18.285,13.715,13.519,13.519,13.438,5.1863,5.1863,13.513,13.381,17.1,16.968,16.812,16.68,16.524,16.367,8.4375,15.855,15.855,15.712,7.2883,7.2883,7.2883
0,0,0,0.92017,1.9919,1.9713,1.9713,1.9508,8.8255,8.8255,8.805,8.9281,9.1226,8.2065,8.3296,8.3274,16.999,9.6117,9.6886,9.4913,9.3855,10.105,10.108,10.215,1.1146,2.0087,2,1.1988,2.0247,2,2.7341,4.0508,3.7412,7.3642,6.1645,6.1645,10.929,15.449,25.422,34.927,30.014,18.917,9.3871,8.4276,8.4329,18.794,17.903,21.741,22.975,17.338,10,16.397,24.74,18.634,18.384,18.249,18.249,15.51,13.796,13.715,13.519,13.519,13.322,13.322,13.322,9.2188,9.0625,17.1,16.968,16.812,16.68,16.391,16.235,16.235,8.4375,0,0,7.2883,7.2883,7.2883
0,0,1.0828,1.0717,1.0717,1.0607,1.0607,1.9508,1.9303,1.9303,8.9391,8.1068,8.0951,8.2065,8.3296,8.3179,8.4316,8.7291,17.838,17.961,9.3856,9.2823,10.108,10,10,10,10.895,2.0107,3.2089,3.2058,3.858,9.5733,8.287,8.8713,7.3362,11.027,12.097,14.616,20.152,29.185,24.226,10.608,10.451,9.4047,8.4329,26.24,26.248,23.676,23.493,17.728,20.559,16.416,14.721,18.634,18.519,24.11,13.84,13.759,5.5105,5.4294,13.519,13.519,22.935,17.315,17.159,17.159,9.0625,8.9062,8.9062,16.812,16.68,16.548,7.7977,7.6656,7.6656,7.6656,0,0,0,0
1.0938,1.0938,1.0828,1.0717,1.0717,1.0607,1.0607,1.0607,0,0.20843,0.20621,1.0884,1.0767,8.3296,8.3296,8.3202,8.404,8.5272,8.5177,8.6432,17.837,17.847,17.986,10,9.8822,10,10.991,11.685,11.859,7.8192,9.3906,10,10,9.8967,10,10,10,14.378,19.378,24.235,20.663,10.59,10.803,9.0883,8.536,26.245,27.846,27.827,23.983,16.501,20.818,14.795,14.66,20.413,24.191,13.84,13.726,13.645,13.645,5.5105,15.198,17.701,17.586,17.315,17.159,17.044,16.887,16.887,9.0625,0,0,7.7977,7.7977,7.6656,7.5334,7.5334,7.5334,7.5334,0,0
11.081,11.081,10.969,10.857,10.857,10.756,9.6847,9.5838,9.7922,9.7922,0.20621,0.20621,0.20621,0.20621,1.0328,8.5342,8.5247,8.5272,8.5177,8.6432,8.4593,8.5729,17.975,17.86,18.997,11.803,11.601,11.471,15.542,16.505,17.913,9.8192,10.054,10,12.922,8.06,9.272,14.056,14.504,21.915,19.785,10.69,10.796,0.97176,16.845,27.802,28.075,38.732,24.888,16.446,19.318,21.064,20.921,10.081,10,13.84,13.726,23.611,23.455,17.707,9.6875,9.5312,9.5312,17.315,17.159,17.044,17.044,7.825,7.825,0,0,0,7.7977,7.6656,7.5334,7.5334,7.4012,7.4012,7.4012,7.4012
11.081,11.081,10.98,10.879,9.7856,9.6847,9.8975,9.7944,9.6913,9.6913,9.5882,9.5882,9.4874,9.3474,9.3474,9.2466,9.1481,9.1505,17.619,8.4688,8.4593,8.7522,10.023,10,10.103,18.93,23.562,24.283,16.763,16.813,17.433,16.452,20.277,17.838,9.5105,11.677,10,12.211,14.519,10.008,15.158,10.79,10.79,10,21.036,38.843,38.822,38.687,24.91,29.137,20.646,25.041,10.318,10.322,20.251,15.829,23.807,18.02,17.749,17.592,17.592,9.5312,9.5312,9.5312,7.94,7.825,7.825,7.7099,7.7099,7.7099,0,0,0,0,7.5334,7.5334,7.4012,7.4012,7.2691,7.2691
11.092,11.092,9.8864,9.7856,10.001,9.8975,9.8975,9.7944,9.6913,9.6913,9.5905,9.382,9.4483,9.3474,9.3474,9.2466,9.1481,9.1505,8.8776,10.052,10.114,17.88,18.696,18.575,23.386,23.327,23.261,32.621,23.376,24.141,16.562,11.654,17.773,18.144,18.834,21.316,10,10,13.408,10.009,15.331,9.8936,10.89,11.629,31.982,31.863,39.031,37.258,29.016,29.22,18.464,10.055,20.923,20.711,20.576,14.667,10,18.02,17.749,17.478,17.478,17.478,0,0,0,0,7.825,7.7099,7.5948,7.5948,7.5948,7.5948,0,0,0,0,7.4012,7.4012,7.2691,7.2691
0,0,0,0.21508,0.21508,0.21286,0.21286,0.21064,9.6936,9.6936,9.5468,9.5468,9.4459,9.345,9.3474,9.2466,8.9785,10.166,10.052,10.228,10.114,10,10,22.881,22.544,22.544,22.711,22.841,22.964,31.426,28.422,30.062,32.769,26.426,30.143,28.17,29.123,19.388,11.783,10,14.198,10,31.566,31.56,32.089,38.247,29.294,25.217,25.217,29.028,28.791,29.192,21.008,14.957,14.962,14.667,14.514,10.314,17.905,7.7904,7.7904,7.7904,7.7904,0,0,0,0,7.7099,7.5948,7.5948,7.4797,7.4797,7.4797,0,0,0,0,0,7.2691,7.2691
0,0.21951,0.21729,0.21508,0.21508,0.21286,0.21286,0.21286,0,0.16233,0.16233,0.16233,0.16475,0.16475,0.16717,1.2009,1.1875,10.166,10.226,10.226,10.112,14.923,14.923,14.589,13.734,13.957,22.223,22.297,17.492,18.159,20.199,23.071,32.17,33.32,38.832,25.212,28.898,27.514,29.03,27.292,30.404,38.935,38.605,56.097,45.53,45.53,28.846,16.934,25.188,28.973,28.897,22.999,23.247,14.961,14.901,14.901,4.4521,0.31375,0.31375,7.7904,7.7904,7.6759,7.6759,7.6759,0,0,0,0,7.5948,7.5948,7.4797,7.3647,7.3647,7.3647,7.3647,0,0,0,0,0
0.21951,0.21951,0.21729,0.21508,0.21508,0.21508,0,0,0.1599,0.1599,0.1599,0.16233,0.16475,1.379,1.2142,1.2009,1.1875,1.359,1.3456,6.3836,6.329,5.1001,4.9235,5.323,5.5368,5.5368,9.2253,9.1233,17.623,18.953,22.067,21.953,23.355,27.438,34.524,33.115,36.6,33.244,29.709,35.689,35.549,54.189,52.832,56.887,59.086,48.121,36.288,24.077,23.82,30.035,29.667,29.667,29.904,26.23,4.5917,4.5299,4.5316,4.5369,0.31375,0.3174,8.1115,7.6759,7.5613,7.5613,7.5613,0,0,0,0,0,7.4797,7.3647,7.3647,7.2496,7.2496,7.2496,0,0,0,0
0.21951,0.21951,0.21729,0.21729,0.21729,0,0,0.1599,0.1599,0.1599,0.1599,1.4032,1.2276,1.2142,1.2142,1.2009,1.3564,1.3564,6.3944,5.2094,5.1548,4.9235,5.3856,5.5994,5.5941,0.67056,0.85742,0.85854,2.0845,4.8765,5.3648,15.311,15.538,16.736,13.934,23.359,35.425,33.196,50.335,52.932,51.732,66.585,65.458,75.155,46.376,37.175,26.122,19.721,18.406,18.406,29.865,19.084,18.983,15.403,19.643,10.715,10.93,10.931,6.8123,6.5721,6.5757,14.252,14.141,7.4467,7.4467,7.4467,0,0,0,0,0,7.3647,7.3647,7.2496,7.1345,7.1345,7.1345,0,0,0
0.21951,0.21951,0.21951,0,0,0.15506,0.15506,0.15506,1.4117,1.4142,1.4008,1.2409,1.2276,1.2142,1.2142,1.3805,6.4757,5.2615,5.2068,5.2094,5.4482,5.6554,5.6554,0.66929,0.67261,0.67593,0.40608,2.1088,2.0867,4.6485,5.3519,6.5556,8.0551,13.928,14.001,17.24,14.585,33.93,42.169,57.26,64.523,68.475,79.943,57.038,55.821,38.776,27.592,19.877,18.709,7.6154,11.123,19.673,19.572,19.471,15.503,19.42,10.554,10.873,10.772,6.7167,6.5757,6.4749,14.04,13.824,13.284,13.284,13.183,5.7503,5.7503,5.6494,5.6494,5.6494,0,7.2496,7.1345,7.1345,7.0195,7.0195,7.0195,0
0.22173,0.22173,0,0,0.15506,0.15506,1.436,1.4227,1.4117,1.4142,1.2409,1.2409,1.2276,1.2276,6.601,5.3161,5.2589,5.2615,5.2068,5.5108,5.718,0.67466,0.67466,0.67466,0.67799,0.21922,2.1331,2.111,4.8164,4.6273,6.5619,4.686,5.0548,4.4536,3.9095,26.607,45.101,45.963,53.133,56.844,56.907,56.806,67.411,51.714,52.638,34.015,9.2417,9.1264,9.1415,8.0591,4.2634,4.152,19.605,19.495,15.988,19.905,19.983,19.393,10.393,10.615,6.722,6.6211,6.4785,13.824,13.613,13.502,13.069,12.968,5.7503,5.6494,5.6494,5.5485,5.4476,5.4476,12.481,12.481,12.265,12.164,12.164,12.164
0,0,0,0.15264,1.4469,1.4336,1.436,1.4227,1.4117,1.2543,1.2409,1.2409,1.2409,5.2097,5.3708,5.3135,5.2563,5.7397,5.5681,5.7773,0.67672,0.67134,0.67466,0.67466,0.2159,0.19345,2.1353,4.7974,4.7974,4.6061,4.6703,7.7181,4.9473,23.487,34.638,35.577,36.838,36.712,55.808,56.552,45.395,31.851,53.757,41.586,40.809,21.062,20.04,18.212,9.0358,7.9533,7.9438,11.395,4.0869,12.781,9.3293,9.3198,13.365,13.483,13.474,4.5751,0.74391,6.6248,6.6264,6.3776,13.613,13.502,13.286,12.853,12.853,5.6494,5.6494,5.5485,5.4476,5.4476,5.3467,12.481,12.265,12.164,12.049,12.049
0,0.15021,1.4578,1.4445,1.4445,1.4336,1.436,1.2676,1.2676,1.2676,0,5.3242,5.267,5.3708,5.3708,5.3135,5.7917,5.8366,0.67877,0.67877,0.67877,0.68209,0.21258,0,0,2.1596,4.8216,4.8216,4.8216,3.921,4.6786,24.277,36.147,34.057,34.645,37.314,36.845,36.725,46.643,28.561,27.761,30.499,33.174,34.321,34.353,19.982,20.043,19.937,18.242,18.377,7.193,10.644,11.28,11.27,9.4271,9.4176,9.4081,13.339,13.476,13.564,4.5673,0.72494,1.0549,1.0549,0.90701,7.5496,7.435,7.4387,7.4423,7.103,5.6494,5.5485,5.4476,5.4476,5.3467,5.3467,5.2459,12.164,12.049,12.049
1.4688,1.4688,1.4554,1.4445,1.4445,1.4336,1.2809,1.2809,0,5.3815,5.3242,5.3242,5.4254,5.3682,5.3682,5.8544,0.84187,0.68082,0.67545,0.67877,0.67877,0.20926,0,0,1.9882,4.8004,4.7784,4.7784,17.441,23.546,24.457,36.255,36.099,34.142,33.333,37.379,37.36,27.161,16.583,14.873,14.974,13.452,21.961,33.41,34.445,23.08,13.671,12.523,19.957,20.104,17.177,20.751,20.579,10.377,10.377,7.598,16.487,13.339,13.329,13.356,13.602,4.4977,0.7266,0.71711,1.0413,1.0429,7.9852,7.9889,7.878,7.3278,7.3314,0,0,0,0,0,0,0,6.9044,6.9044
1.4688,1.4688,1.4554,1.4445,1.4445,1.2943,0,0,5.3815,5.3815,5.3242,5.4801,5.4228,5.9118,5.9144,0.84724,0.68082,0.68082,0.68082,0.20593,0.20593,0,0,2.0103,1.9882,4.7594,17.728,24.622,23.73,33.159,36.593,36.228,34.835,35.97,37.548,18.487,15.17,14.99,15.148,15.042,15.042,12.54,22.946,23.365,11.617,13.447,12.792,12.659,12.661,12.795,20.013,21.412,20.534,20.552,20.664,6.8756,6.7699,15.766,19.599,13.294,13.392,13.53,0.7266,0.71711,0.70929,1.0466,1.0371,7.9794,7.8685,7.7444,7.7481,7.7481,0,0,0,0,0,0,0,0
1.4688,1.4688,1.4688,1.321,0,0,5.496,5.4387,5.3815,5.3815,5.4775,5.4775,5.9718,0.84078,0.84337,0.67955,0.68287,0.68619,0.20261,0,0,0,2.0324,15.292,17.87,24.997,24.84,23.937,33.344,36.038,36.566,36.439,37.003,13.867,5.839,6.5532,15.042,13.26,14.587,15.211,6.7283,12.57,12.679,22.457,11.716,11.714,3.8762,2.9192,12.796,12.808,12.81,11.826,21.129,20.496,20.619,17.229,17.236,17.359,15.758,19.468,19.406,12.742,12.989,0.71877,0.70929,0.71095,0.70146,1.0329,7.8685,7.7444,7.6335,7.624,7.6182,0.8625,0.51226,0.51226,0,0,0,0
1.4821,1.4821,0,0,5.5532,5.496,5.496,5.4387,5.3815,5.5321,5.5321,0.65036,0.84355,0.84078,0.68492,0.68492,0.68824,0.20261,0,0,13.594,15.492,15.47,25.015,25.061,24.978,35.422,36.371,33.344,36.159,23.965,17.505,17.69,1.8409,5.772,15.151,13.233,9.2923,14.746,6.169,19.04,12.71,12.71,23.359,11.814,11.812,2.1332,1.0613,2.9335,2.8361,2.8373,13.093,15.236,15.18,14.223,20.458,17.247,17.37,17.253,30.074,19.238,19.133,19.23,15.645,0.15126,0.15126,0.15126,0.69364,0.6953,7.9027,7.6335,7.5095,7.5036,7.5073,0.85301,0.85666,0.49329,0.4838,0.4838,0.4838
0,0,0,5.5532,5.5532,5.496,5.496,5.4387,5.5868,6.0919,0.64776,0.84301,0.84023,0.68697,0.6903,0.19597,0.19929,0,13.75,13.75,15.648,22.866,25.231,24.994,25.04,35.537,36.873,33.967,23.474,16.343,17.611,5.3512,2.6227,1.8605,5.7251,13.343,13.266,9.4626,15.532,6.2339,19.115,12.85,12.85,22.654,11.832,11.911,12.017,2.1235,2.1916,2.2958,2.8505,2.8628,5.016,15.238,15.25,14.158,11.108,17.37,17.264,17.271,30.171,30.004,30.127,19.063,15.637,6.4997,0.15292,0.15292,0.15458,0.15458,7.7934,7.5131,7.3891,7.3927,7.3832,0.85666,0.84717,0.4838,0.4838,0.4838
0,5.6677,5.6105,5.5532,5.5532,5.496,5.496,5.6441,0.65313,0.65313,0.83709,0.83968,0.68903,0.69235,0.19597,14.062,13.906,13.906,13.75,21.205,23.023,22.866,25.253,38.081,36.025,22.495,21.277,13.725,16.492,18.296,5.3221,5.3595,2.631,5.6614,12.819,13.263,13.263,9.5636,6.9274,6.3006,18.537,12.989,12.989,10.655,11.745,11.93,12.027,2.1235,1.0586,2.2129,2.3183,2.969,2.8771,4.8842,4.9068,4.8972,11.222,11.222,10.6,17.282,20.991,30.004,30.127,30.021,30.136,15.629,6.3955,6.3955,0.15458,0.15458,0.15624,6.801,6.8804,6.8804,7.3832,7.3869,0.84717,0.84134,0.84498,0.4838
5.6677,5.6677,5.6105,5.5532,5.5532,5.5532,0.51582,0.65591,0.83654,0.83654,0.83377,0.68903,0.68903,14.411,14.219,14.062,13.906,21.443,21.286,23.304,23.179,25.603,24.61,22.627,22.668,14.092,14.064,16.579,5.8152,4.5228,5.3221,2.6515,2.6497,12.782,12.68,12.568,13.262,9.5623,6.9256,18.799,18.536,12.989,12.989,0.75258,10.663,10.947,11.911,2.1049,1.0586,2.2129,2.2219,1.2372,2.3409,4.8958,4.8402,4.8306,4.8437,1.7381,11.459,11.459,10.847,14.37,30.174,30.057,30.074,26.833,26.728,17.357,6.1856,6.1856,0.15624,0.15624,6.6881,6.6898,6.7695,6.7695,6.7695,0.35753,0.84498,0.84498
5.6677,5.6677,5.6105,5.6105,5.6105,0.51582,0.65868,0.83932,0.83394,0.83654,15.222,14.721,14.564,14.219,14.219,21.68,21.524,21.443,23.563,23.46,24.805,24.805,24.67,15.334,16.711,14.23,14.009,5.7993,5.7805,4.4742,5.3492,2.6785,0.87349,12.716,12.614,12.596,9.5615,0.70203,7.0657,18.864,18.732,12.368,13.129,0.76068,10.77,11.831,11.035,2.0006,2.0952,1.069,2.2342,2.2446,1.2495,5.5385,4.153,4.7749,4.777,1.7382,1.7286,0.61404,0.61417,10.97,14.432,23.758,30.122,30.234,26.728,26.843,17.48,17.531,6.0799,6.0799,6.0815,6.6898,6.5752,6.6586,6.6586,6.6586,0.36118,0.36118
5.6677,5.6677,5.6677,0,0.52119,0.65609,0.83877,15.677,15.523,15.529,14.717,14.721,14.375,21.998,21.917,21.836,21.836,9.6792,9.6572,25.081,24.946,17.409,15.219,15.471,14.381,1.529,5.7647,5.7647,4.4257,4.4742,2.5901,0.88257,10.025,12.65,12.554,12.623,0.70753,0.70753,7.1379,19.582,18.929,12.595,0.76877,0.76877,10.884,11.937,11.123,11.336,1.9923,0.98467,2.2465,2.2569,2.2659,1.2728,4.2008,4.1089,4.7213,1.727,1.7174,1.7308,0.6046,0.6046,4.0667,14.555,23.942,23.943,26.739,26.843,26.966,17.375,17.656,17.55,17.567,5.8716,12.287,6.4623,6.1865,6.5477,6.5477,0.36118
5.725,5.725,0.52656,0.52119,0.83822,15.833,15.833,15.679,15.013,14.874,14.531,22.392,22.154,22.154,22.073,7.6174,9.7603,23.004,22.846,17.523,17.388,15.267,15.567,14.532,1.5451,3.3867,5.73,4.3959,4.3959,4.493,0.88547,10.034,13.567,12.679,12.581,12.648,0.71302,0.71302,19.973,19.779,19.125,12.725,0,0.77686,10.999,10.999,11.996,11.317,0.98894,0.99504,0.99504,2.2692,2.2782,2.2768,4.2897,3.0408,4.1554,4.0649,1.7174,1.7194,1.7194,1.7329,0.59515,3.9335,3.8718,12.774,24.225,20.948,26.978,26.958,17.498,17.392,17.569,17.692,17.586,12.069,11.954,6.2348,6.4368,6.4368
0,0.53194,15.839,15.991,15.991,15.835,15.838,15.163,14.87,22.629,22.548,22.548,7.7795,7.7795,7.6985,9.8634,23.22,15.386,17.545,17.545,15.403,15.403,0.21324,1.5612,3.4216,5.9759,5.7439,4.3959,4.3959,0,0.89375,10.043,13.576,12.774,12.676,3.6,0.066015,0.71976,19.95,19.977,19.323,12.857,0.093515,0.78495,0.78495,11.113,12.102,11.317,0.98894,0.98894,1.0054,2.1986,2.2905,2.2891,5.3054,3.0395,3.0395,4.1656,1.1262,1.7194,1.7194,1.7215,1.7331,3.9241,3.8623,3.8623,12.774,12.774,21.071,21.169,21.267,17.392,17.409,17.694,17.588,17.711,23.792,23.696,11.631,11.467
16.001,16.001,16.15,15.989,15.989,15.835,15.317,23.202,23.023,7.9416,7.8605,7.8605,7.7795,7.7795,9.9665,15.543,15.521,17.637,17.502,15.359,15.403,2.2945,1.589,3.4216,3.4216,5.7142,4.3662,4.3662,2.5731,0,10.224,10.043,13.51,12.616,3.4667,0,0.066015,0.71851,19.948,20.042,19.322,0.09175,0.09175,0,0.78495,11.113,12.102,12.1,0.97028,0.97028,0,1.0054,2.1986,2.2891,2.2995,5.2277,2.9824,2.9824,1.214,1.1262,1.1262,1.7215,1.7331,1.7235,3.8411,3.7911,3.7911,13.374,9.5952,9.5953,9.6932,21.514,11.82,17.532,17.588,17.711,17.605,23.696,23.821,23.821
16.17,16.303,16.146,15.993,15.467,15.47,23.26,8.0226,8.0226,7.9416,7.8605,7.8605,7.8605,0,15.701,15.543,17.751,17.751,15.586,2.2512,2.2945,0,3.4704,3.4377,5.9137,5.6983,4.3364,2.5246,0,0,10.234,10.146,13.546,12.643,3.4,0,0.066015,0.72401,20.152,20.152,20.194,0.089986,0.089986,0.089986,0.79304,11.228,11.228,12.188,12.409,0.95162,0,0,2.2212,2.2212,2.2212,5.172,5.1933,2.9268,0.087791,0.087791,1.1494,1.1494,1.1494,1.7235,1.7256,3.7792,3.7078,3.7102,13.391,10.238,9.6932,9.6932,9.7911,11.944,11.944,17.55,17.609,17.626,23.821,23.821
16.17,16.303,16.303,15.774,0.31111,0,8.1036,8.0226,8.0226,8.0226,8.0226,0,0,0,15.701,15.565,17.773,15.586,2.2079,2.2512,0,0,3.4726,3.4538,5.9298,4.3364,2.476,2.5246,0,0,10.243,10.25,13.65,3.4069,3.4,0,0,0.73075,20.357,20.357,20.392,0.089986,0.089986,0.089986,0,11.342,11.342,12.294,12.409,0.95162,0,0,0,2.2439,2.2439,5.0829,5.1933,2.9268,0.087791,0.087791,0,1.1494,1.1494,1.1494,1.7256,3.7792,3.7078,3.6983,3.6983,10.239,9.6932,9.6932,9.7911,0,0,0,12.19,12.354,17.749,17.749
