  1  0            33 12.5082       65  0            97  0
  2  0            34  0.338356     66  0.352361     98 12.6267
  3 15.625        35 13.1579       67  0            99  2.24737
  4  0            36  0            68  0           100  0
  5 15.625        37  0            69  0           101  0
  6  0            38  0            70  0           102  0
  7  0            39  0            71  0           103  0
  8  0            40  2.77778      72  0           104 11.6279
  9 14.4928       41  0            73  0           105  0
 10  0.316385     42  0.102634     74  0           106  0
 11 13.6527       43 12.5082       75  0           107  0
 12  0            44  0            76  0           108  0
 13  0            45  0            77 12.218       109  0
 14  0            46  0            78  0           110  0
 15 12.8127       47  0            79  0           111  0
 16  0            48  0.0947393    80  0           112  0
 17 13.5135       49  0            81  0           113  0
 18  0            50  0            82  0           114  0
 19  0            51  0            83  4.76053     115  0
 20  0            52  0            84  0           116  0
 21 12.7949       53  0            85  0           117  0
 22  0            54  0            86  0           118  0
 23  0.656476     55  0            87 11.8241      119  0
 24  0            56  0            88  0           120  0
 25  0            57  0            89  0           121  0
 26  0            58  0            90  0           122  0
 27  0.633051     59  0            91  0           123  0
 28  0            60  0            92  0           124  0
 29 12.3457       61  0            93  8.18031     125  0
 30  0            62  0            94  0           126  0
 31  0            63  0            95  0
 32  2.53165      64  0            96  0

