  1   -33.3754       33     6.75384      65     0            97 -2655.74
  2  -177.113        34     0.478014     66     1.21149      98    63.1373
  3   872.74         35    -8.68387      67   -23.288        99    32.6798
  4   -96.853        36    15.337        68   186.618       100  2706.87
  5   407.225        37     7.9022       69     0           101     0
  6   -20.1545       38    25.8173       70   108.555       102     0
  7  -419.902        39     0            71     0           103  -176.993
  8   -14.5876       40     6.71141      72     0           104    -1.67839
  9   723.038        41     0            73   -32.8652      105   -28.1587
 10   -43.5652       42     4.3601       74   -17.9313      106   372.154
 11    60.1144       43     0.440813     75     0           107     0
 12    10.3138       44     9.01493      76     3.84417     108     0
 13    -8.56901      45     0            77    78.4416      109    41.9914
 14     5.65578      46    61.4255       78     0           110     0
 15    67.3655       47     0            79  -135.361       111    11.2741
 16    -3.89297      48     7.60956      80    -5.01985     112    10.5846
 17    62.0808       49    11.494        81  -798.418       113     0
 18    12.4151       50    12.1508       82     5.81053     114     0
 19   -55.9827       51     0            83   687.507       115    -7.97999
 20    -9.58734      52     8.53895      84     0           116     0
 21    53.4657       53     0            85   -52.8811      117    18.573
 22    -0.0321426    54     1.84348      86    28.2378      118   144.458
 23   -47.3679       55    51.8845       87    54.7066      119     0
 24    -8.22184      56    59.9723       88   -59.1823      120     0
 25     0.484152     57     0            89     0           121     1.07008
 26    -7.35098      58   456.234        90     0           122     0
 27    22.861        59     0            91  -362.559       123     5.3649
 28     4.85277      60    14.2607       92    13.91        124    17.9472
 29   814.844        61    -7.69532      93  -112.977       125     0
 30     2.05653      62     1.26625      94   172.358       126     0
 31     6.22726      63     0            95     0
 32     8.62331      64    31.122        96     0

