  1  0            33  5.41257      65  3.68532      97  0
  2  0            34  6.75453      66  0            98  0.912308
  3  0            35  4.4772       67  0            99  9.57952
  4  1.48156      36  0.880286     68  0           100  0
  5  1.8845       37  6.49789      69  0           101  2.79121
  6  0            38  0            70  0           102  0
  7  0            39  0            71  0           103  0
  8  0            40  7.76236      72  0           104  0
  9  3.00704      41  8.68069      73  0.531535    105  1.33001
 10  0            42  0.860362     74  0           106  0
 11 10.229        43  5.16435      75  0           107  0.500962
 12  0.0191044    44  0.312712     76  0           108  0
 13  0            45  0            77  1.93674     109  0
 14  0.291983     46  1.11264      78  0           110  0
 15  0            47  0            79  0           111  0.0197262
 16  1.98307      48  0.88271      80  0.136182    112  0
 17  1.25856      49  4.28363      81  0           113  0
 18  0            50  0.303063     82  0           114  1.00251
 19  0            51  1.06525      83  0.0174297   115  1.19548
 20  0            52  0            84  0           116 11.1859
 21  1.89942      53  1.07851      85  0           117  0
 22  1.18864      54  1.13408      86  0.919641    118  0
 23  1.13435      55  0            87  0           119  0
 24  0.295085     56  0            88  0           120  0
 25  4.27168      57  8.47205      89 14.5275      121  4.98328
 26  0            58  7.38601      90  0           122  0
 27  0.53074      59  2.01847      91  0           123  0
 28  0.204438     60  0.023738     92 10.5434      124  0
 29  7.51516      61  0.416096     93  0           125  0
 30  0.630934     62  0            94  0           126 12.4646
 31  0.0628224    63  8.51983      95  0
 32  0            64  0            96  0

