0.70567,0.70567,0.70567,0.45901,0,0,3.007,7.4824,7.4824,7.4524,7.4524,7.5262,0,0.43878,0.72785,0.72785,0.73645,0,0,0,0,0,1.8804,2.4479,2.8968,1.0164,1.0275,0,0,0,4.7544,10.593,10.914,7.1895,7.304,1.0294,0.55004,0.70348,6.1212,5.5711,9.0159,3.4448,3.4448,0,0.0099343,6.4427,6.4427,10.976,11.029,4.5314,0.10426,0,0,5.4223,5.4223,8.3685,8.3666,2.8896,2.8896,0,0.30003,5.5954,5.5954,6.6266,6.6749,1.023,4.9307,3.844,3.844,12.231,8.3873,8.3873,8.472,0,0,0,0.41194,8.8466,10.28,10.28
0.70567,0.70567,0.70567,0.71951,0.73335,0,3.007,7.4824,7.4824,7.4524,7.4223,7.4962,7.4962,3.3556,0.72493,0.72493,0.73353,0,0,0,0,0,1.8804,2.4289,2.8778,2.8778,1.0275,0,0,0,4.7117,10.545,10.866,7.7096,7.304,1.0294,1.6198,0.70348,6.0664,9.6679,8.9612,3.4448,3.4448,0,0.0099343,6.3777,6.3777,10.911,11.029,4.5314,0.10426,0,0.30646,5.3675,5.3675,8.3169,8.3666,2.8896,2.8896,0.297,4.495,5.5389,5.5419,6.6278,6.6749,5.006,4.9307,3.844,12.147,12.147,8.3026,8.3873,8.472,0,0,1.1127,9.4488,10.191,10.195,10.28
0.25549,0.7145,0.7145,0.71951,0.73335,0.26551,0.27052,0.27052,2.977,7.5262,7.4962,7.4962,7.4661,7.5399,3.6203,3.6174,0.73061,0.73922,0,0,0,0,1.8804,1.8614,2.8788,2.8788,2.8788,1.0563,0,0,4.669,4.6583,10.939,7.8453,7.3305,3.0028,1.6306,1.7841,6.0254,9.6161,8.8235,3.5124,3.5124,0.010125,0.0099343,6.3129,6.3129,10.923,4.6203,4.6203,0,0.30333,5.3128,5.3128,5.9459,8.3169,2.9462,3.2402,0.29397,4.4491,5.4824,5.4974,6.5943,6.3278,1.0428,5.0259,3.9195,3.9195,12.126,8.2179,8.2179,8.3873,0,1.1218,1.1085,10.158,10.13,10.106,10.933,10.606
0,0.2605,0.72834,0.72834,0.73335,0.74217,0.27052,0.27052,0.27553,0.28054,7.4962,7.4962,7.4661,7.5399,8.3259,3.5658,3.5658,3.5658,0.4646,0,0,0,0,1.8614,2.8987,2.8987,2.8987,2.8987,0,0,4.1435,4.6583,11.06,11.06,7.9863,3.023,3.0599,1.7978,6.0391,9.619,9.4734,8.8301,0.010316,0.010125,0.010125,6.3131,6.3131,11.012,4.7091,4.7091,0.30333,0.30333,5.3128,5.3128,8.3635,8.064,3.2938,3.2938,4.4461,4.4613,5.4946,6.5683,6.2943,2.1068,5.121,5.0459,3.983,12.201,8.2179,8.2179,8.2179,0.73151,1.1177,1.1177,10.154,10.158,10.13,10.855,10.521,2.1712
0,0,0.46784,0.73335,0.73335,0.74217,0.75601,0.27052,0.27553,0.28054,0.28054,4.9387,7.5399,7.5399,7.5837,8.2929,3.5629,3.5328,3.5414,2.7965,0,0,0,0,1.8424,2.8987,2.8797,2.8797,2.4354,0,4.1435,4.6156,9.0641,11.012,6.9112,3.5325,3.2222,3.8247,7.1487,9.5643,9.4187,8.776,0.010316,0.010125,6.2481,6.2481,6.3504,11.012,4.7091,5.0093,0.3002,5.258,5.2611,5.9149,8.0571,3.2938,3.2938,2.6639,4.4157,5.4411,6.5318,6.2607,2.0964,1.0631,5.1212,3.983,3.983,12.116,8.8913,8.878,8.9627,1.131,1.1177,1.9177,10.069,10.073,10.807,9.7833,1.5077,0.73733
0.52622,0.52622,0.52622,0.47666,0.47666,0.47666,0.76102,0.76985,0.27553,0.28054,0.28054,0.28555,5.0126,5.0176,7.8793,7.8369,8.3695,3.5385,3.5385,3.2483,2.7665,2.7665,0,0,0,2.9186,2.8996,2.8806,2.4164,1.8044,0,4.0581,9.1053,9.0947,7.0267,7.9312,3.2423,3.2762,3.9754,9.5908,9.4315,9.4041,0.010316,0.010316,6.1833,6.173,6.2854,11.101,5.095,5.095,0.29708,5.2063,5.2095,5.8448,8.3539,3.3444,3.3601,4.373,4.3728,6.2042,6.2272,2.0951,2.1164,5.2793,4.0582,4.0582,12.878,8.8066,8.8066,9.2691,1.1359,1.9375,1.9135,10.012,9.9967,11.537,11.611,2.6467,5.2075,5.2075
0.52622,0.52622,0.5209,0.5209,1.0064,0.48549,0.48549,0.49432,0.78368,0.28054,0.28054,0.28555,0.28555,5.0176,5.0226,5.0226,8.6787,8.419,3.5442,3.5227,2.7364,2.7364,2.7364,2.7364,0,0.48416,2.9196,2.9006,2.3974,2.4197,1.7855,4.0581,8.6317,9.1359,9.1306,6.8727,3.7983,3.2994,3.9885,10.66,9.4659,9.4175,5.0983,0.010507,6.1185,6.108,6.2205,5.1808,5.1808,5.0683,5.1516,5.1547,5.8169,8.3968,3.4011,3.4139,6.7896,4.3302,5.1694,6.1937,6.2167,2.092,5.3743,4.2085,4.918,12.882,12.868,8.7218,9.1977,9.2691,1.9656,1.9508,11.808,11.067,11.439,11.533,13.398,5.1881,5.2075,4.4588
1.9497,1.9497,0.5209,0.51559,0.51559,1.0099,1.0099,0.49432,0.50314,0.50314,0.28555,0.28555,0.28555,0.29056,5.0965,5.0965,5.3789,5.9337,8.7302,3.5198,3.2268,2.7364,2.7063,2.6763,2.6763,3.1692,1.116,2.9205,2.9103,2.4007,1.7665,6.1842,4.326,9.1771,9.1665,4.8405,3.853,3.3594,3.4178,12.838,10.64,9.4309,5.0444,0.010698,6.043,6.1596,6.4483,5.2665,5.2665,5.1551,5.0999,5.7622,5.7622,8.4186,3.4708,7.4543,6.7915,5.1268,6.1603,6.1833,2.1012,2.1119,5.0949,5.0065,4.9932,12.872,8.6504,9.0241,11.859,3.7953,3.0413,10.95,10.959,11.354,14.08,13.374,5.23,5.1995,9.3444,9.3444
1.4235,1.9497,1.9444,1.967,1.9949,1.9896,1.0134,1.0134,0.50314,0.50314,0.51197,0,0,0.29557,0.29557,5.1703,5.1753,5.9423,5.9423,6.0212,3.809,2.7364,2.7063,2.6763,2.6763,3.148,3.148,3.7822,2.9214,2.4007,2.4118,2.1261,6.0988,8.7568,9.2504,5.0893,2.7624,3.9129,3.4778,7.7855,12.856,9.5094,5.6701,6.043,6.043,6.1596,6.4504,5.3553,5.3553,10.324,5.0817,5.7726,5.7754,3.5244,3.5274,6.5486,3.9966,5.1269,6.1476,2.9456,2.9456,6.1714,5.0949,5.0816,12.947,10.446,10.832,11.677,3.0326,3.0178,3.0413,10.574,11.376,13.245,18.358,10.368,10.223,7.427,7.427,7.427
1.4235,1.4235,1.4235,1.967,1.9949,1.9896,2.0175,2.5154,2.5433,2.5712,0.51197,0.5208,0,0,0,0.30559,5.1804,5.4519,5.9394,6.0183,6.0921,0.82322,3.027,2.9969,2.6763,2.6462,3.148,3.7521,3.7521,5.0168,2.4118,2.1071,6.037,10.462,8.8481,5.0893,5.2363,2.7571,3.9767,7.7849,12.855,12.821,5.616,10.958,5.9781,6.3823,6.4473,5.3522,5.5146,9.975,5.7417,5.721,8.417,3.5244,6.506,6.506,5.124,6.9454,2.9483,2.935,6.2492,5.1701,6.838,6.8247,14.998,10.733,10.795,10.888,3.0326,3.0178,15.853,19.281,18.325,18.418,8.4896,8.4896,7.6225,7.5267,4.8856,4.8856
1.4235,1.4235,1.4235,1.4514,1.4793,1.9896,2.0175,2.0122,2.5468,2.5747,2.5747,2.6114,2.1206,0,0,0,0,5.2592,6.0269,6.0239,6.0978,6.1114,0.32062,0.32062,3.0019,2.9768,3.1568,3.1267,3.742,3.2314,4.9978,5.367,6.0244,10.484,10.118,9.0541,5.2339,0.65412,3.8596,7.2941,12.953,12.845,8.9732,11.486,6.3203,6.3162,0.40314,5.7169,10.315,10.024,5.6901,5.7328,3.626,7.1975,6.5081,8.5492,5.9622,6.9545,4.6618,4.6485,7.9536,6.8744,6.8938,14.982,10.705,10.725,10.795,8.4694,8.493,18.554,16.702,16.545,16.485,16.57,8.5508,7.7681,4.9814,4.8856,4.8856,4.8856
0.82661,0.82661,0.82661,0,1.5073,1.5073,2.0175,2.0122,2.0348,2.5835,2.5782,2.6061,2.6149,2.1574,1.6468,1.6468,1.6747,0,5.2911,6.1085,6.1085,6.1085,5.9418,0.32062,0.32563,0.33063,3.4962,3.4711,3.7619,3.7795,3.2124,5.3132,8.5566,8.4522,10.314,10.308,5.2369,0.66342,0.54548,7.8959,8.0545,12.858,8.9299,11.648,6.2522,6.2502,0.69195,5.8165,10.056,10.784,5.6384,5.4659,8.1026,7.3746,8.5843,7.618,7.6278,4.6455,4.6322,8.0658,6.9762,6.1383,14.157,16.36,16.268,16.377,16.351,6.7024,16.828,16.628,16.617,16.545,16.485,8.6635,7.8808,5.1898,0.016907,0.62678,0.62695,0.62695
0.82661,0.82661,0.82661,0.83795,0,0,0,0,2.0627,2.0627,2.587,2.6149,2.6096,2.6464,2.6831,1.6468,1.6747,1.7026,1.7026,7.532,7.5291,5.7986,6.2067,5.422,0.32563,0.33063,0.85881,0.86382,3.4549,4.1313,3.2236,3.5721,5.3228,8.3857,12.826,12.823,7.0198,0.66637,0.53973,4.5925,8.0147,12.939,14.948,15.062,7.1225,6.5359,0.69096,10.088,10.828,10.819,6.2791,1.6312,9.7299,10.233,10.213,7.5793,4.6353,4.6547,3.4649,13.167,12.523,12.427,20.891,16.271,14.441,14.614,9.3205,9.1911,16.705,16.559,16.548,16.719,3.6012,0.016733,0.016733,0.65051,0.63856,0.62678,0.62695,0.62695
0.82661,0.82661,0.82525,0.83659,0.83659,0,0,0,0,0,0.49433,2.6517,2.6464,2.6411,2.6778,2.1305,2.1584,1.7026,1.7026,1.9933,7.6087,7.6366,7.6645,7.4161,7.3151,0.33063,0.33063,0.87262,0.87763,1.5563,3.5804,3.9352,3.9513,8.392,12.83,12.811,12.823,9.4392,0.53399,4.6543,8.1219,13.35,14.894,15.358,14.119,6.535,0.40844,10.123,13.35,13.065,7.8462,9.7631,10.209,10.215,10.258,9.941,10.802,8.7339,13.298,13.533,11.808,19.169,14.589,14.478,17.411,9.4968,8.4623,16.727,16.716,11.16,11.245,0.82177,0.016558,0.66229,0.65034,0.65051,0.63856,0.62678,0.62695,0.62695
0,0.83795,0.83659,0.83523,0.83523,0.84657,0.72581,0,0,0,0,0.49433,1.0363,1.031,1.031,2.7371,2.181,2.181,1.7026,1.7306,2.5209,7.6452,7.6731,7.4161,7.5265,7.0863,7.4269,2.7565,0.88643,0.88643,1.0355,1.4267,3.9576,7.7455,13.267,12.904,12.874,8.9317,4.6414,7.1458,4.9853,13.284,15.243,15.369,15.392,5.2035,7.4294,13.42,13.131,13.15,6.9797,10.287,16.686,16.609,15.767,10.035,8.7295,11.818,12.013,11.899,11.899,19.244,14.589,17.578,17.243,2.956,11.22,11.171,11.16,11.16,8.4044,0.6739,0.66212,0.66229,0.65034,0.6336,0.62165,0.62165,1.3768,0.75514
0,0,0.83659,0.83523,0.83523,0.84521,0.85655,0.85655,0,0,0,0,0.54728,1.031,1.031,1.0345,1.038,0.47307,0.47307,2.2315,2.0154,2.5459,7.744,7.744,7.5265,7.0863,7.0863,7.7338,2.7895,2.7895,3.5248,3.3526,1.4317,1.6367,6.733,13.222,13.192,8.9127,4.5917,9.0344,7.6571,6.4483,16.628,17.715,17.463,7.1664,6.9815,13.085,19.689,23.501,13.479,16.786,15.796,15.719,7.5666,7.1681,7.4303,13.113,12.938,11.99,19.365,11.696,11.33,11.365,2.9558,11.196,11.185,11.185,9.0118,8.9837,0.66947,0.65751,0.64556,0.64556,0.6336,0.6336,1.4013,0.76772,0.75514,0.75514
0,0,0,0.84657,0.84657,0.84521,0.85655,0.85655,0.86789,0,0,0,0,0.55611,0.55611,1.0345,1.038,1.0468,0.46775,0.46775,0.7247,0.25111,0.79313,7.8794,7.6283,7.6455,7.0863,7.7426,7.7705,2.4526,2.4893,3.3801,3.408,3.6247,6.9752,11.132,13.23,13.03,6.2004,11.148,10.772,10.091,18.073,17.372,24.305,22.799,16.899,19.839,23.499,19.025,14.411,14.325,14.272,10.407,7.2532,7.6111,13.444,6.9823,6.0408,16.406,11.676,11.26,10.426,10.445,11.156,11.145,8.8372,8.9104,8.9956,0.66947,0.66947,0.65751,0.64556,0.64556,0.64556,0.78031,0.76772,0.76772,0.75514,0.75514
0.91044,0.91044,0.91044,0,0.1321,0.85655,0.85655,0.85518,0.86652,0.87787,0.74849,0,0,0,0.56493,0.56493,1.038,1.0468,1.0503,0.46775,0.46244,0.71354,1.2613,0.79882,0.79882,5.8772,7.2159,7.2159,7.7793,7.8532,2.4893,3.0418,3.0697,3.6598,6.9831,12.584,12.395,14.083,13.637,12.181,12.186,24.743,22.888,27.03,26.385,22.745,18.905,19.858,21.074,17.89,14.368,26.448,22.721,22.721,13.477,19.4,19.455,19.536,21.734,29.035,24.008,23.025,23.34,16.809,24.901,21.995,21.983,22.287,14.192,14.18,14.325,14.325,14.471,14.739,14.727,14.872,14.859,15.005,15.15,15.15
0.91044,0.91044,0.90125,0.90125,0.90125,0,0.86789,0.86652,0.86516,0.8765,0.8765,0.75983,0,0,0,0.57376,0.57376,0.57376,1.0503,1.0592,0.46244,0.70823,0.70239,1.2616,10.85,10.147,15.483,15.051,15.769,15.843,18.016,12.388,14.657,15.021,14.611,23.841,24.182,31.892,30.266,31.78,32.312,37.612,32.972,35.857,40.513,34.654,35.944,36.384,32.153,29.037,19.622,16.112,16.112,13.385,14.425,19.37,22.619,21.874,28.583,22.845,22.99,23.075,17.599,21.643,21.776,21.921,21.995,14.047,14.192,14.192,13.656,13.656,14.607,14.739,14.727,14.872,14.872,15.017,14.382,14.382
8.3195,8.3195,8.3103,8.4464,8.5916,8.5916,7.8449,8.7227,8.8666,9.0119,9.0105,9.1672,9.1785,8.4259,8.5712,8.5712,9.2991,9.4444,9.4444,10.066,10.07,9.6094,10,10.56,10.705,10.85,10.176,15.137,17.2,17.2,17.419,17.254,12.901,20.628,23.178,27.151,31.472,31.555,28.633,29.477,28.08,35.848,31.424,35.039,35.302,37.147,39.348,34.057,27.744,27.954,19.672,16.522,16.206,14.265,22.814,22.599,22.709,21.606,22.665,23.551,23.697,21.577,21.581,21.558,21.691,21.921,21.167,14.071,13.511,13.511,14.474,14.461,14.607,14.739,14.727,14.872,14.872,14.237,14.382,14.382
7.4223,8.3328,8.3236,8.4464,8.5916,8.5824,8.7277,8.7277,8.1181,9.0232,9.0219,9.1672,9.1785,9.3238,9.3537,8.5712,8.7165,9.4532,9.4532,9.5985,9.6184,10.221,10.011,10,10.717,12.16,11.92,12.074,17.263,25.022,25.187,25.536,26.347,21.715,21.431,25.385,30.247,30.201,30.404,26.118,27.642,32.647,28.09,32.276,28.518,31.242,41.075,32.331,31.023,26.731,20.923,16.261,16.246,10.596,10.6,10.475,10.097,15.937,10.89,10.878,8.6351,8.5776,8.5663,8.5543,8.6395,7.8739,0,0,0,0.83065,0.81806,0.80548,0.80548,0.80548,0.80548,0,0,0,0,0
7.4223,7.4223,7.4223,8.4599,8.6052,8.5824,8.7277,8.7185,8.8638,9.1371,9.0332,9.1785,9.1771,9.3224,9.479,9.3644,8.7271,8.8724,9.4726,9.6181,9.6181,9.7635,11.177,11.259,11.984,12.149,10.506,10.185,10.218,16.666,16.278,16.598,16.184,17.283,10,13.332,18.472,17.703,16.468,10.001,9.9729,13.786,10,15.055,14.181,23.314,27.259,20.202,19.544,13.124,11.768,12.236,10,12.927,10.615,10,16.062,10.951,7.7002,8.5617,8.6351,8.5776,8.5776,8.5776,7.0715,0,0,0.84324,0.83065,0.83065,0.81806,0.80548,0.80548,0.80548,0,0,0,0,0,0
0.013293,0.013293,0.013293,0.013531,0.90558,0.89662,0.89686,0.87366,0.86446,0.8744,0.8744,0.90776,0.9064,0.90521,0.91672,0.91672,0.80431,0.010632,1.2114,1.8118,1.8118,1.8314,10.098,10.251,10,10.605,10.503,11.276,11.301,11.204,15.44,15.776,15.062,15.389,15.704,2.3247,10,9.7737,8.7894,10,9.9073,9.9954,11.578,12.463,15.21,19.568,22.589,20.539,21.237,16.623,15.152,15.226,15.646,15.51,14.531,12.394,10,10.028,8.5003,8.5737,8.5163,7.7632,7.7632,6.9863,0,0,0.85582,0.84324,0.83065,0.83065,0.83065,0.83065,0,0,0,0,0,5.7282,5.626,5.626
10.438,10.451,10.451,10.461,0.022768,0.023006,0.90627,0.89708,0.88829,0.87422,0.86503,0.8652,0.99049,0.91655,0.91672,2.0981,2.1097,1.9972,10.427,9.6416,10.155,10.079,10.087,10,10.169,11.269,11.602,10.225,10,10,10.242,8.6286,8.2685,7.8278,7.0803,6.9568,4.4842,9.5522,8.8236,13.484,10.054,10,10.315,10.512,16.134,16.869,20.624,20.633,19.014,16.733,16.658,16.084,18.711,15.033,15.036,17.19,12.02,10.828,10.913,10.118,10.146,10.146,6.9011,6.9863,0.86841,0.85582,0.85582,0.84324,0.83065,0.83065,0.83065,0,0,0,0,5.8305,5.7282,5.7282,5.626,5.626
10.447,10.447,10.341,10.25,10.25,10.25,0.023417,0.023417,0.88829,0.8887,0.87951,1.9885,1.9885,2.1126,10.788,10.691,10.613,10.634,10.538,10.447,9.535,10.076,11.24,11.131,10.027,10.047,10,9.9865,2.1587,3.0258,2.4061,2.2055,7.8182,7.174,6.5289,6.7194,10,9.5871,9.659,13.586,10.056,14.94,13.584,9.8669,16.103,13.242,22.804,20.682,18.497,13.937,13.119,15.61,17.799,14.44,11.772,12.322,13.251,12.484,18.953,10.044,10.072,9.2721,9.3852,3.3526,3.3805,3.3958,0.85582,0.85582,0.85582,0,0,0,0,5.9328,5.8305,5.8305,5.7282,5.7282,5.626,5.626
10.447,10.447,10.341,10.236,10.236,10.145,10.145,10.145,1.1084,1.9733,1.9641,10.883,10.778,10.678,10.821,11.529,10.614,10.634,10.538,10.568,10.308,9.3822,10.009,9.9956,1.7605,2,1.9589,2.1951,2.2088,1.9411,2.1881,2.2046,2.1976,7.0117,6.3573,6.8971,6.5511,15.394,9.6933,18.756,15.647,14.893,14.92,9.9657,15.128,15.91,20.241,18.737,19.07,12.17,16.891,11.54,10,12.172,16.123,10,12.405,12.454,12.406,12.439,11.147,9.2721,3.3652,3.3526,3.3805,3.3958,3.3958,3.4237,2.5958,0,0,6.0351,6.0351,5.9328,5.8305,5.8305,5.7282,5.7282,5.7282,0
0.0088891,0.0088891,10.341,10.236,10.236,11.168,11.168,20.177,19.995,20.015,19.919,10.883,10.778,10.693,10.697,10.714,10.637,10.291,10.633,10.633,2.0935,1.9717,2,1.7828,1.7693,2,2.2421,1.1139,1.1137,0.8696,1.9658,2.2091,1.9644,1.3337,6.1757,6.1757,6.9768,15.898,15.606,19.863,23.945,19.752,16.34,14.632,10.609,11.832,18.154,22.118,22.134,11.248,14,11.161,11.182,15.924,10.627,10,10.005,16.71,10.017,9.096,12.449,5.8032,5.3498,3.3526,3.3805,3.4084,2.54,2.5679,2.5958,8.8355,8.7611,8.6588,8.6868,5.9328,5.8305,5.8305,5.8305,0,0,0
0,1.0071,1.0071,10.299,20.546,20.344,20.364,20.163,19.981,20.015,19.814,19.833,20.583,9.5692,9.5694,9.5602,2.0022,2.1234,2.9253,2.1068,2.0935,2.1085,2,2.6353,0.65212,0.88548,1.1333,1.1253,1.0944,1.1104,1.9626,2.178,1.5445,1.0866,0.4146,6.1757,6.9715,10.298,15.966,25.993,28.55,24.697,15.618,15.489,10.609,10,16.614,20.728,17.145,13.723,13.158,11.8,10.358,10.927,10.121,10.147,14.495,9.932,9.0359,10.002,9.9645,3.3191,3.2814,3.2814,5.8264,2.54,2.54,8.9099,8.8355,8.8355,8.7611,8.6588,8.6868,8.7147,8.7147,2.7075,2.7075,0,0.9611,0.9611
10.471,10.471,10.376,10.299,10.319,10.223,20.364,20.163,19.981,20,18.714,18.729,18.624,10.925,11.762,2.0399,2.0176,2.0179,2.0995,2.9448,2.9432,2.1324,0.9733,1.2034,1.742,0.89147,1.1137,1.1224,2,1.1016,1.7237,2.1961,1.5625,1.1208,0.4146,0.4146,6.2442,7.0511,16.012,41.335,41.627,31.482,15.499,10.625,5.84,5.5035,11.713,14.971,22.027,11.483,10,10.022,19.261,11.562,10.037,16.633,10.147,7.3938,7.9073,10.007,3.3191,3.3191,3.294,3.2639,2.3754,8.8247,8.7224,8.9378,8.8355,8.8355,8.7611,8.7611,8.789,2.6796,2.6796,3.7063,3.6874,3.6965,3.7244,3.7244
17.732,17.732,17.627,11.193,11.213,10.223,10.242,9.1963,9.1963,9.9108,9.8054,11.042,10.939,10.82,10.82,10.701,11.507,11.524,2.026,2.1461,0.93573,1.7734,2.0007,1.2006,1.195,1.76,1.9844,1.3542,1.1297,1.9853,1.7441,2.2141,1.9905,1.1271,0,0,0.40928,7.9708,29.63,41.597,41.568,38.627,21.921,5.9153,4.4985,0.86075,13.94,14.2,20.629,16.391,10.494,11.017,11.001,12.938,10,16.559,10.085,10.109,7.4664,0.90616,1.352,3.3367,2.4004,8.9169,8.9219,8.7946,8.6622,8.6672,8.5699,6.2397,6.2397,2.6796,2.6796,3.6972,3.6783,3.7063,3.6874,3.6965,3.7244,3.7244
17.732,17.732,17.627,16.754,16.879,7.4821,7.6067,0.87582,0.87582,1.2502,1.2369,11.042,10.924,10.805,10.82,10.701,10.614,11.432,10.226,10.226,0.95187,1.1656,2,1.9815,1.2083,1.2225,2,2,1.1238,1.991,2,2,2.0086,1.1334,0,0.93247,4.7576,6.1298,41.916,41.622,41.545,41.936,12.356,7.3292,0.38802,0,14.027,20.064,19.908,14.989,10,12.128,10.917,10.108,20.245,10,10,10.109,0.90616,0.90616,0.90616,6.7511,6.6488,8.9269,8.9269,8.7946,8.6622,8.6672,8.6422,2.3002,3.3605,1.0365,1.0176,1.0176,0.99879,3.7342,3.7153,3.6965,3.7244,3.7244
16.84,16.84,7.251,7.3665,7.4912,7.4821,8.8835,8.8611,8.9633,9.088,2.0854,2.0854,2.0721,10.818,10.836,9.5068,9.4168,9.4168,9.3112,10.121,10.336,10.309,1.1487,2,2,2.0008,1.2191,2.0059,2,1.3428,1.771,2.7152,1.8024,2.764,4.8194,5.975,6.2064,11.731,28.788,35.777,41.802,28.821,7.2385,6.4392,6.4392,0.38271,10,19.738,20.838,12.589,14.811,12.069,10.896,17.296,16.458,12.913,10.037,10.122,3.8059,6.8534,6.7511,6.7511,6.6488,6.5466,6.5466,8.9019,8.8718,3.3994,3.3744,3.3555,3.3304,3.3116,3.2978,1.4986,0.99879,0.99879,0.99879,0,2.7912,2.7912
0,6.4816,6.4816,7.3665,8.7813,8.7589,8.8835,8.8611,8.9633,9.088,9.0655,9.1902,9.1992,0.84815,0.84815,0.84795,9.4012,9.4012,9.5301,9.5125,9.4071,10.096,10.099,10.22,1.1434,2.0168,2,1.2159,2.0088,2.0017,2.6755,3.9085,3.4591,6.7159,6.2746,6.2746,10.829,15.414,25.423,34.5,29.374,16.404,7.3124,6.4392,6.4392,10,16.371,20.247,21.535,12.61,12.907,10,18.304,16.301,10,12.93,11.441,10.725,9.8303,9.728,6.7511,6.7511,6.6488,6.6488,6.6488,1.1119,1.093,3.4044,3.3744,3.3555,3.3304,3.2815,3.2677,3.2727,1.4986,0.48593,0,0,0,0
0,0,1.3034,1.2901,1.2901,8.0077,8.0077,8.8611,8.9633,9.088,9.0788,7.9716,7.9623,8.0776,8.2023,8.1929,8.3085,1.0479,10.308,10.308,9.4073,9.3049,10.114,10,10,10,10.874,2.0049,3.1861,3.0935,3.4916,8.8177,7.4196,8.8984,7.6498,10.925,11.83,14.769,20.832,28.601,23.92,10.043,10,7.3182,6.4392,15.937,22.707,22.168,22.114,18.327,13.91,15.368,14.414,10.904,10.033,17.176,12.895,11.198,9.8303,9.728,9.6625,6.7511,7.9007,1.1307,1.1119,1.1119,1.093,1.0742,1.0742,3.3605,3.3304,3.3004,2.2501,2.225,2.225,2.23,0.48593,0.49094,0,0
1.3167,1.3167,1.3034,1.2901,1.2901,1.2768,1.2768,1.2768,6.9802,6.9987,6.9985,7.9716,7.9623,8.0776,8.2023,8.1931,8.5059,8.6305,8.6214,8.7491,10.185,10.073,10.106,10,9.8825,10,10.862,11.499,11.732,7.1955,8.3909,10,10,9.8129,10,10,10.649,14.261,19.266,23.862,20.106,10,10.111,7.0094,6.5131,15.937,23.671,24.41,19.546,12.916,14.15,14.251,14.324,17.071,17.193,10,10.001,12.794,11.179,9.8303,11.036,4.0978,1.1495,1.1307,1.1119,1.1119,1.093,1.093,1.093,0,0,1.7742,2.2551,8.2654,8.1235,8.1285,8.0166,7.9098,6.2008,6.2008
1.3167,1.3167,1.3034,1.2901,1.2901,1.2901,0,0,0.018543,0.018543,0.018345,7.2478,7.2478,7.2478,8.3965,8.3873,8.5029,8.6305,8.6214,8.7491,8.5218,8.6528,18.063,17.949,10.878,11.642,11.403,11.275,14.828,15.862,17.846,9.5828,10.049,10,12.988,8.4099,9.1192,13.872,14.6,19.941,19.181,10.045,10.079,0.87899,13.193,16.654,23.878,25.601,25.915,12.766,17.408,21.916,15.793,14.535,10,10.02,10.001,11.208,12.486,5.4094,4.0798,4.0978,1.1495,1.1307,1.1119,1.1119,1.1119,6.376,6.376,6.2641,6.2641,6.1522,7.8145,7.7845,8.1285,8.1285,7.9865,7.8797,7.8847,7.8847
1.3167,1.3167,1.3167,1.3167,0,0,0.018937,0.01874,0.018543,0.018543,0.018345,0.018345,0.018345,0.20911,0.20911,7.8125,7.8156,7.8186,8.6214,8.5309,8.5374,8.8685,10.021,10,10.107,18.854,22.88,15.231,16.794,16.901,17.537,16.421,20.135,18.417,10,11.41,9.9724,12.203,14.617,10.094,14.647,10.091,10.047,10,11.635,17.793,25.449,31.282,25.917,31.372,24.252,25.576,14.812,14.897,10,10,11.33,4.1505,4.153,5.4272,5.4272,10.921,10.995,7.8611,6.5997,6.5997,6.4878,6.376,6.376,6.2641,6.2641,6.1522,6.0404,6.0404,7.6425,7.6425,7.9966,7.8847,7.8546,7.8546
1.33,1.33,0,0,0.019134,0.018937,0.018937,0.01874,0.018543,0.018543,0.018543,0,0.20911,0.20911,0.20911,0.20911,0.21214,0.21517,7.7281,8.7801,8.9964,9.1089,10.018,10,14.277,14.183,14.124,24.31,23.714,24.44,16.68,12.224,18.273,17.959,18.44,21.156,10,10,13.67,10.098,14.792,9.235,10.093,10.955,12.655,12.621,25.73,32.961,37.941,31.161,29.483,17.286,16.085,10.092,10.092,10.842,10,11.33,11.2,12.38,12.38,12.269,9.8454,9.7335,6.5997,6.5997,6.4878,6.376,6.376,6.2641,6.2641,6.1522,6.0404,6.0404,6.0404,0,1.6839,1.6839,2.1548,2.1548
0.51128,0.51128,0.51128,0.54044,0.55046,0.55027,0.56029,0.5601,0.57012,0.58015,0.76749,0.77751,0.77751,0.78754,0.80059,0.80059,0.60151,1.6755,1.6636,1.9021,1.8899,1.888,10,14.211,13.956,14.09,14.633,14.925,15.05,23.584,20.999,22.476,24.604,26.852,22.083,20.302,21.094,19.412,11.78,10,11.947,9.3126,18.45,18.441,12.741,21.239,26.929,28.532,34.325,38.073,32.079,32.599,17.729,10.223,10.223,10.097,10.727,10.366,11.219,9.9022,11.249,11.137,11.137,9.7335,9.6585,6.5997,6.4878,6.4878,6.4878,0,0,0,0,0,0,0,0,0,1.6539,1.6539
0.51128,0.53081,0.53061,0.54044,0.55046,0.55027,0.56029,0.56029,0.55138,0.76446,0.76446,0.77448,0.77751,0.78754,0.80059,1.6674,1.6655,1.6755,1.8891,1.899,1.8868,6.1736,6.1836,5.9055,6.0821,14.722,14.707,14.945,10.897,11.636,12.502,15.381,24.538,25.864,31.589,27.161,30.665,20.586,21.929,20.391,21.386,19.062,18.932,38.861,29.362,29.964,35.539,36.727,42.969,38.902,33.041,19.762,20.59,10.223,10.217,10.111,9.5099,9.1543,9.0424,10.242,9.9224,11.23,11.23,4.2946,3.0588,0,0,0,0,0,0,0,0,0,0,0,0,0,0,0
0.53081,0.53081,0.53061,0.54044,0.55046,0.55046,0.54136,0.54136,0.7514,0.76143,0.76143,0.77448,0.77751,1.8754,1.6794,1.6674,1.6655,1.8819,1.886,6.2811,6.2344,5.1457,4.9272,6.1367,6.4066,6.4166,2.4168,2.4251,11.04,11.496,14.309,14.289,15.627,20.243,27.57,26.218,38.281,34.72,40.381,36.072,26.204,44.172,42.904,39.573,34.35,30.459,41.517,36.736,35.997,25.645,25.492,19.708,19.67,16.891,9.8264,9.8158,9.842,3.228,2.8724,2.8824,4.2042,2.1548,5.2047,5.2047,5.2147,4.0448,0.91228,0.92231,0.93233,0.93233,0.94236,0.94236,0.95238,0.96241,0.96241,0.97243,0.97243,0.98246,0.99248,0.99248
0.019529,0.019529,0.019332,0.019332,0.019332,0,0,0.20002,0.20002,0.20002,0.20002,1.3148,1.0998,1.0879,1.0879,1.0759,1.2672,1.2837,5.6686,4.6077,4.561,4.2856,5.5598,5.8196,6.4664,2.1808,2.4316,2.4428,2.635,5.3995,14.732,15.643,24.614,26.553,23.677,25.442,37.336,34.673,41.388,45.221,51.612,55.826,54.765,57.424,39.992,34.916,38.457,30.661,29.05,16.178,19.848,10.84,10.84,8.2377,8.6772,2.093,2.454,1.5473,2.8925,2.8973,2.9073,4.2203,5.5711,5.2225,5.2326,5.2794,4.0817,0.92231,0.93233,0.93233,0.94236,0.94236,0.95238,0.96241,0.96241,0.97243,0.97243,0.98246,0.99248,0.99248
0.019529,0.019529,0.019529,0,0,0.19396,0.19396,0.19396,1.3207,1.3238,1.3118,1.1118,1.0998,1.0879,1.0879,1.288,5.7398,4.6517,4.6048,4.6079,5.6406,5.8759,5.8759,1.5256,10.926,10.93,9.8097,11.149,11.129,13.488,14.024,14.934,16.709,14.088,14.154,26.555,23.638,33.604,41.231,46.138,51.741,53.137,58.713,56.559,55.814,35.607,39.305,22.059,14.969,0.62949,4.1385,11.416,11.416,11.416,8.3324,8.6774,2.1085,2.1401,3.2524,2.9174,2.9275,2.9423,4.2262,5.5836,5.5746,5.2604,5.2973,4.1285,0.93233,0.93233,0.94236,0.94236,0.95238,0.96241,0.96241,0.97243,0.97243,0.98246,0.99248,0.99248
0.019726,0.019726,0,0,0.19396,0.19396,1.3416,1.3297,1.3207,1.3238,1.1118,1.1118,1.0998,1.0998,5.8316,4.682,4.6487,4.6517,14.449,15.549,15.672,11.16,11.16,11.048,10.941,9.6708,11.283,11.151,13.83,13.465,15.053,13.255,13.655,13.3,13.097,26.775,25.599,25.67,33.389,35.703,35.751,43.484,48.837,39.449,45.687,39.105,37.874,31.741,26.426,18.106,4.1385,4.0303,10.595,10.586,8.1032,8.4482,8.5167,7.9939,0.33437,2.3998,2.0654,2.0601,2.0803,1.5535,4.7039,4.6849,4.366,4.4029,3.2431,0,0,0,0,0,0,0,0,0,1.0025,1.0025
0,0,0,0.19093,1.3505,1.3386,1.3416,1.3297,1.3207,1.1238,1.1118,1.1118,11.403,14.714,14.908,14.763,14.601,15.926,15.599,15.845,11.283,11.156,11.16,11.048,9.6666,9.6558,11.286,13.81,13.81,13.442,13.354,16.587,4.7849,14.402,15.344,16.106,17.005,16.713,25.06,25.847,25.359,10.527,33.592,44.251,43.486,33.7,39.016,31.22,26.407,18.001,17.992,21.472,14.188,20.877,7.1757,8.1049,8.5093,8.5725,7.6251,0.90381,2.3308,2.0803,2.0803,2.0952,1.5292,4.7165,4.6975,4.6975,4.4207,0,0,0,0,0,0,0,0,0,0,0
0,0.1879,1.3595,1.3475,1.3475,1.3386,12.08,11.762,11.65,11.65,10.403,15.037,14.876,14.908,14.925,14.763,15.97,16.034,11.422,11.405,11.293,11.186,9.8862,9.508,9.508,11.533,4.6606,4.6606,4.6606,3.7137,4.2999,14.903,16.004,14.288,15.354,17.161,17.015,16.799,25.147,15.92,15.663,11.515,24.533,27.172,27.08,32.847,33.001,27.528,25.885,18.382,17.266,20.746,21.358,21.473,17.72,18.66,18.775,8.5833,8.585,7.6898,2.6709,2.3328,2.3328,2.6517,0.87011,1.5102,4.729,4.7237,4.7237,4.7606,0,0,0,0,0,0,0,0,0,0
12.442,12.442,12.319,12.198,12.198,12.077,11.886,11.774,10.515,15.199,15.037,15.037,15.066,14.905,14.922,16.146,11.739,11.545,11.513,11.517,1.5618,0.26214,0,0,1.7848,4.6376,4.6178,4.6178,5.9462,14.037,14.973,15.972,15.953,14.472,13.156,17.105,17.094,14.2,14.347,13.353,13.454,10.843,22.662,25.971,27.051,23.362,12.906,10.291,27.674,20.058,17.286,20.767,20.587,20.606,20.731,18.971,25.808,19.303,19.305,18.529,7.7584,2.6565,2.3328,2.3236,2.6685,0.85187,5.2582,5.2528,5.2338,4.7416,4.7784,0,0,0,0,0,0,0,0,0
12.442,12.442,12.319,12.198,12.198,11.898,10.738,10.627,15.199,15.199,15.037,15.225,15.175,16.541,6.1406,1.7981,1.5894,1.5724,1.5724,0.25798,0.25798,0,0,1.8046,1.7848,4.5977,6.1619,15.042,14.08,12.527,16.072,15.938,14.861,15.629,17.108,7.1934,12.922,12.738,13.641,13.503,13.503,15.093,23.395,25.26,21.444,12.104,12.069,10.389,10.391,2.6772,9.869,11.181,20.803,20.697,20.676,17.323,18.303,25.222,25.551,19.505,18.722,20.509,13.446,13.437,2.3549,2.3751,0.83743,5.2806,5.2616,5.2281,5.265,5.3018,0.29766,0,0,0,0,0,0,0
12.442,12.442,12.331,12.034,10.85,10.738,15.522,15.473,4.6843,4.6843,4.819,4.819,6.1996,1.7987,1.8017,1.5961,1.6003,1.5872,0.25382,0,0,0,1.8244,3.4064,6.1666,15.162,15.143,14.374,12.569,15.585,16.038,16.026,16.074,2.3591,5.0727,6.0431,12.692,11.692,13.015,13.654,16.916,15.495,15.566,22.732,16.235,10.398,12.915,10.575,10.49,2.6884,2.6903,1.6894,10.904,10.173,10.173,17.594,18.438,18.438,25.202,25.655,24.793,18.151,20.166,13.458,13.573,13.718,11.872,0.52002,5.2984,5.265,5.246,5.2684,5.2908,0.77968,0.77968,0.49265,0,0,0,0
12.566,12.566,0,0,4.8338,4.7839,4.7839,4.7341,4.6843,4.8657,4.8657,1.5592,1.8106,1.7987,1.6111,1.6111,1.5979,0.25382,0,0,1.6395,3.4649,3.4451,14.995,15.247,15.142,14.532,15.535,12.569,15.565,14.581,5.7685,6.0619,1.241,5.0098,12.8,11.581,7.8092,13.155,11.294,20.985,15.367,15.416,23.554,11.082,10.441,11.286,8.817,10.675,2.6791,2.6908,2.7244,4.8852,4.831,3.7766,10.014,6.7691,7.7508,18.593,25.675,25.686,24.577,24.776,26.305,13.055,13.18,13.22,11.987,12.112,16.894,5.2829,5.2494,5.2718,1.8813,0.77055,0.77055,0.4744,0.46528,0.46528,0.46528
0,0,0,4.8338,4.8338,4.7839,4.7839,4.7341,4.9124,6.305,1.5561,1.8183,1.8064,1.6219,1.6261,0.2455,0.24966,0,1.6584,1.6584,3.4838,12.773,15.093,14.972,15.224,14.511,15.659,12.836,14.184,5.1825,5.7471,4.6421,1.8369,1.2544,4.9582,11.691,11.6,7.8902,18.97,16.102,21.498,15.324,15.458,12.678,10.431,10.485,18.549,11.337,9.9261,2.1623,2.6923,2.7035,4.8854,4.7679,4.7793,3.7133,0.62833,7.7616,7.6562,7.5291,14.791,13.677,24.895,26.647,26.418,19.526,13.22,13.345,11.592,11.592,16.739,17.003,17.094,17.256,1.8479,0.76524,0.75611,0.74699,0.46528,0.46528
0,4.9334,4.8836,4.8338,4.8338,4.7839,4.7839,4.9622,1.5709,1.5709,1.8112,1.8142,1.6328,1.637,0.26326,1.6961,1.6772,1.6772,1.6584,11.069,12.792,12.773,15.113,16.471,14.624,13.033,11.654,2.2633,5.207,6.296,4.6081,4.6484,1.8432,4.9602,10.958,11.512,11.512,7.9742,16.952,16.169,20.94,15.378,10.485,8.637,10.505,10.475,18.645,11.424,8.9879,1.9585,2.1834,2.8088,2.7167,4.7468,4.7795,4.7703,0.61913,0.61937,1.0246,7.5618,7.8698,13.677,13.677,13.571,15.417,26.656,19.565,19.565,11.592,11.592,15.144,16.246,16.351,16.763,17.278,13.939,12.841,0.73636,0.73636,0.73636
4.9334,4.9334,4.8836,4.8338,4.8338,4.8338,1.4223,1.5826,1.8008,1.8008,1.8071,1.6328,1.6328,1.974,1.7149,1.6961,1.6772,11.19,11.171,12.953,12.811,15.21,14.645,13.065,13.105,2.5741,2.5503,5.1679,5.0864,3.981,4.6081,1.8586,1.8545,10.968,10.893,10.628,11.512,12.745,16.779,20.249,20.841,10.425,5.5605,0.80014,8.0277,9.6111,18.505,11.381,8.9879,1.9585,1.9659,1.1274,2.2045,4.7582,4.704,4.6948,4.7186,1.6989,1.6132,1.6134,1.0251,1.3492,13.768,13.64,13.535,15.188,15.083,7.8869,19.644,17.726,11.717,15.144,16.351,16.476,16.776,16.937,13.431,12.486,13.076,13.076
4.9334,4.9334,4.8836,4.8836,4.8836,1.4223,1.5943,1.8125,1.7977,1.8191,3.3962,2.0077,1.9889,1.7149,1.7149,11.311,11.292,11.19,13.094,12.972,14.737,14.737,14.724,3.8593,5.0432,2.5896,2.3004,5.058,5.0467,3.9294,4.6257,1.8763,0.78525,10.905,10.83,10.638,12.578,10.173,16.683,20.814,20.94,4.829,5.6138,0.80874,8.1054,10.515,17.806,11.339,11.433,0.92371,1.9771,1.9859,1.1385,5.3119,4.0429,4.6407,4.6429,1.6991,2.7037,1.615,1.6152,1.0467,0.31953,7.4048,13.626,15.5,15.103,15.072,7.9273,5.9043,5.9043,5.9043,21.335,16.513,16.494,16.636,16.95,13.531,12.611,12.611
4.9334,4.9334,4.9334,0,1.4371,1.5912,1.82,3.5955,3.5983,3.6054,2.0037,2.0079,1.7519,11.535,11.432,11.33,11.33,11.437,11.417,14.931,14.918,5.4053,3.5516,3.8748,2.6171,1.4095,5.0183,5.0183,3.8777,3.9294,1.6884,0.7936,8.0833,10.842,10.648,15.249,5.437,10.012,16.674,21.637,16.181,5.0202,1.4139,0.81734,8.1916,10.592,17.928,18.083,11.392,0.83857,1.9882,1.997,2.0045,1.1594,4.0914,4.0002,4.5887,1.6773,1.6681,2.7169,1.6168,1.6168,1.9359,0.30891,7.3997,7.4,15.146,15.092,15.092,7.8622,5.9043,5.7989,5.6934,9.1945,10.258,16.761,16.779,13.241,13.637,12.611
4.9833,4.9833,1.4519,1.4371,1.8275,3.6218,3.6218,3.6061,2.1908,2.0228,1.7709,11.693,11.554,11.554,11.451,9.6153,11.539,12.772,12.74,5.3949,5.3823,3.4785,3.8504,2.6445,1.4244,2.536,4.9785,3.8374,3.8374,3.9407,0.804,8.0917,11.536,10.855,10.658,15.239,9.8508,9.8508,21.574,16.964,11.535,5.0614,0,0.82595,8.2778,8.2778,18.884,18.127,10.597,0.8474,0.8474,2.0081,2.0156,2.0142,4.0919,2.9585,4.0473,3.9574,1.6681,2.7056,2.7056,2.7301,1.6294,0.86989,0.86482,7.4685,9.4062,9.1252,15.135,15.101,7.8622,5.7989,5.6934,5.6934,9.1259,10.171,10.152,4.5815,13.471,13.471
0,1.4667,3.2987,3.6513,3.6513,3.6325,3.6367,2.2026,2.0188,11.814,11.712,11.694,9.8198,9.8198,9.7175,11.661,12.887,3.157,5.4147,5.4147,3.4911,3.4911,0.28623,1.4392,2.5622,5.288,4.9904,3.8374,3.8374,0,0.81031,8.1,11.544,10.932,15.249,12.515,9.0057,9.8596,16.803,17.076,11.647,5.1062,0.15475,0.83455,0.83455,8.364,19.048,18.214,10.684,2.264,0.85623,1.9355,2.0267,2.0254,4.957,2.9572,2.9572,4.0572,1.1001,1.6702,2.7164,2.7185,2.7299,1.9181,0.85587,0.85587,7.4685,9.4267,9.1454,9.2195,9.2936,5.7989,5.6934,5.6934,9.1628,9.1628,10.083,9.9586,9.9954,6.3838
3.3324,3.3324,3.6819,3.6482,3.6482,3.6325,2.2185,12.179,11.954,10.043,9.9407,9.9221,9.8198,9.8198,11.783,3.1894,3.1696,5.3845,5.3719,3.4483,3.4911,2.2703,1.463,2.5622,2.5622,4.9501,3.7971,3.7971,2.7371,0,8.2503,8.1,11.479,15.099,7.8092,8.8358,8.921,9.7749,16.793,12.49,11.633,0.1845,0.15183,0,0.83455,8.364,19.048,19.023,10.642,2.2213,0,0.85623,1.9355,2.0254,2.0342,4.8785,2.9017,2.9017,1.1872,1.1001,2.1462,2.7185,2.7299,2.7315,0.82388,0.8416,0.8416,8.0799,9.2192,9.2195,9.2936,9.3339,0,5.6934,5.588,9.1628,9.0573,9.9586,9.9954,10.032
3.5446,3.7041,3.6852,3.6706,2.2111,2.2142,12.076,10.145,10.145,10.043,9.9221,9.9221,9.9221,0,3.2218,3.1894,5.374,5.374,3.4306,2.2275,2.2703,0,2.6003,2.5771,5.2109,4.9217,3.7568,2.6855,0,0,8.2587,8.1835,15.843,15.024,11.98,8.7511,8.8363,5.8114,12.413,12.445,12.625,0.18095,0.14891,0.14891,0.84315,8.4503,16.957,19.145,19.308,2.1786,0,0,1.9554,1.9554,1.9554,4.8243,4.8429,2.8476,0.087156,0.087156,1.1227,2.1797,2.1797,2.7315,2.7552,0.81857,0.80407,0.81814,10.108,9.8377,9.3138,9.3339,9.4282,0,0,5.588,9.0942,8.9887,9.9954,10.032
3.5446,3.7041,3.7041,2.2415,0.38314,0,10.248,10.146,10.146,10.127,10.127,0,0,0,3.2218,3.2092,5.3939,3.4306,2.1847,2.2275,0,0,2.6032,2.5919,5.2257,3.7568,2.6338,2.6855,0,0,8.267,8.267,15.926,7.659,11.98,8.7511,4.3207,5.8202,12.534,12.566,12.737,0.18095,0.14891,0.14891,0,8.5365,17.13,19.309,19.395,2.1786,0,0,0,1.9754,1.9754,4.7358,4.8429,2.8476,0.087156,0.087156,0,2.1905,2.1905,2.1905,2.7552,0.81857,0.80407,0.79487,0.79487,9.8581,9.3339,9.3339,9.4282,0,0,0,0,3.6485,9.0256,9.0256
