838.95,838.95,818.94,833.66,846.56,846.56,288.69,563.97,563.97,571.18,571.18,991.44,0,2.2237,66.705,70.386,70.43,71.047,66.692,0,0,0,-11.983,19.344,27.166,39.149,39.763,0,0,0,15.834,19.257,20.306,4.4716,4.5388,0,0,4.2617,17.195,17.195,17.525,6.6996,6.5755,6.3317,11.695,38.642,28.364,30.887,25.916,2.4749,5.4793,2.9507,2.9507,12.312,9.3612,4.8289,16.897,7.4416,7.4416,11.887,12.029,23.408,23.408,21.384,28.311,4.6663,428.27,480.77,532.14,532.14,110.74,85.035,86.153,-25.268,-24.04,-24.04,-6.3901,101.09,37.349,37.349
838.85,838.85,645.7,810.94,834.38,837.83,1126.5,1401.9,1401.9,561.08,568.15,572.71,984.21,703.57,66.648,70.415,70.459,61.975,69.87,65.345,65.345,0,-11.887,19.465,27.287,36.682,39.763,0,0,0,15.903,19.097,20.146,26.875,4.5388,0,0,4.1755,16.979,17.233,17.395,6.6996,6.5755,6.3317,36.996,27.623,28.026,30.808,25.916,5.5329,5.4793,2.9507,11.785,12.217,9.2666,16.897,16.897,7.4416,7.4416,23.795,23.172,23.172,23.293,28.148,28.311,494.71,486.45,531.02,531.02,531.62,84.599,86.25,87.369,-24.052,-24.052,-46.505,86.514,37.413,37.349,37.349
-13.74,-24.87,830.98,639.94,812.12,799.36,807.82,814.95,1106.3,1386.2,1397.3,576.91,569.68,981.54,693.44,697.91,70.574,69.943,61.558,69.87,65.345,65.345,-11.792,-11.207,28.175,37.475,91.778,40.684,0,0,15.972,15.514,20.074,26.734,4.5593,0,0,4.0893,16.681,16.934,12.84,6.7044,6.7044,11.922,19.724,27.389,27.591,25.267,-4.8989,5.5814,3.0043,11.749,12.176,21.43,21.503,16.897,7.3544,19.141,23.673,22.935,22.935,29.934,28.107,73.693,62.201,494.07,538.27,538.87,532.22,84.235,85.789,-24.513,-24.501,-47.158,58.422,32.806,34.056,36.327,5.306,12.924
9.3149,-13.835,-25.783,-25.216,640.32,803.8,800.01,799.72,806.23,394.72,1374.4,1388.6,1381.3,1385.9,986.73,679.06,683.67,749.68,63.913,61.558,69.282,64.671,55.371,53.464,28.943,28.943,38.243,92.546,0,0,-6.6608,15.514,20.161,27.292,26.822,0,0,4.007,16.599,16.852,19.549,13.385,12.149,26.206,19.827,27.492,27.492,2.6669,5.63,5.63,11.802,11.802,21.616,21.43,16.814,7.885,19.118,19.118,22.814,29.925,29.925,27.832,73.052,61.675,501.69,544.47,540.95,541.55,83.104,25.45,-24.949,-40.436,-47.529,83.921,32.87,32.806,32.828,3.8237,12.924,-94.545
192.04,18.373,-7.7982,-23.445,-23.445,-33.793,-33.406,777.36,791.3,806.37,390.34,677.77,1381.4,1372.6,1370,1773.6,679.08,676.38,676.51,734.07,61.056,69.367,54.698,0.49016,52.912,29.599,38.268,92.011,85.111,0,-6.5873,15.583,20.23,27.058,26.594,21.947,3.7564,3.9208,16.45,16.722,19.419,13.317,1.0645,25.947,27.155,27.155,27.781,13.349,5.63,14.284,11.712,21.707,21.612,21.408,7.9794,19.303,19.303,7.0623,29.802,29.81,84.043,72.298,61.188,61.188,552.76,540.4,540.4,456.35,8.8803,-41.166,-41.153,-48.259,82.823,29.319,30.569,31.578,1.2834,24.758,-81.153,-30.789
-41.315,139.7,-12.392,24.338,-7.5843,-22.586,-33.406,-32.763,-50.529,770.45,783.85,390.49,691.8,683.08,1370,1359.5,1760.7,1448.6,1453.4,664.11,726.34,734.56,63.997,54.216,0.4722,94.346,39.595,39.061,84.576,50.792,-6.9834,-6.5235,20.386,26.913,26.453,25.476,3.6701,3.7524,9.6682,23.467,19.294,19.154,25.715,19.212,26.72,24.627,13.341,13.397,14.296,14.296,21.194,21.703,21.607,24.267,19.587,6.7151,14.052,29.799,85.461,71.503,71.657,60.662,62.401,561.53,547.94,490.98,447.63,8.432,-41.448,-48.4,54.74,27.137,28.31,29.319,30.288,99.103,-5.7221,49.416,50.746,50.746
-41.135,-41.135,-12.064,-13.846,-7.7097,2.1417,-199.58,-32.452,-31.809,-49.693,-49.548,-27.346,386.1,683.08,687.28,678.55,1361.8,1758,1440,1437.6,1422.6,654.61,726.83,712.28,0.56808,9.4494,103.57,103.04,84.042,85.27,43.348,-6.45,-1.6325,26.995,26.767,25.248,25.073,3.5839,9.4375,19.485,25.172,7.7275,32.033,18.856,29.557,35.432,13.262,14.308,27.124,21.289,21.608,21.698,24.447,19.503,6.6279,13.956,79.362,84.259,70.263,72.131,72.884,54.747,569.11,563.1,481.98,455.07,455.78,-41.896,-50.294,52.029,24.802,25.77,103.05,119.83,95.006,-4.1815,49.149,49.923,50.746,82.009
-40.956,-40.956,-40.627,-13.517,-13.433,-7.4,-29.577,-196.86,-31.498,-45.356,-48.981,-48.524,-48.524,-416.67,691.84,687.31,683.96,690.85,1741.1,1437.6,1416.5,1405.3,1398.2,1453.2,697.91,653.2,44.657,104.37,103.98,84.736,42.887,44.519,-5.2345,27.078,26.621,25.019,24.676,3.4154,16.283,19.428,13.683,31.799,24.78,21.826,23.603,13.334,21.669,27.321,23.917,21.289,21.604,24.322,24.322,14.192,67.957,78.533,78.56,71.362,71.477,72.231,54.708,103.48,497.18,461.43,462.25,463.21,-43.342,-50.218,70.353,98.332,114.31,115.27,118.04,95.006,-4.9109,48.648,48.637,49.449,98.675,98.675
-17.573,-49.93,-40.089,137.53,-13.433,-13.199,-8.682,-8.682,-172.4,-31.187,-44.256,-48.524,-48.19,-47.879,-411.25,-93.593,-93.593,695.09,686.36,682.87,1421.9,1405.4,1398.2,1373.2,1444.7,1388,646.69,689.94,103.25,93.974,139.82,44.059,44.509,5.448,26.709,28.337,24.594,24.594,16.201,7.4328,13.812,32.031,28.008,23.197,34.89,13.388,34.958,24.151,23.965,32.878,24.404,32.052,19.246,67.148,68.346,67.519,73.069,71.462,64.249,36.599,30.208,505.32,468.87,469.58,469.26,28.107,121.91,66.7,111.54,112.51,114.31,121.54,-8.7116,47.362,64.672,65.494,65.157,20.98,21.018,17.212
-17.573,-17.393,-17.393,-49.273,135.84,-13.019,-11.248,-6.5822,-6.4028,-38.725,-20.493,-44.034,-47.811,-47.166,-46.855,-406.72,-93.593,-84.135,-81.706,690.87,678.73,750.03,1398.3,1382.3,1364.9,1365.6,1371.2,1407.6,1407,723.58,139.89,104.9,44.043,54.632,25.532,28.251,28.239,31.604,31.365,7.3705,37.502,28.009,27.682,40.82,10.596,34.843,31.596,24.061,32.442,24.464,19.11,72.008,67.961,67.612,67.505,67.505,70.77,46.113,-18.87,29.677,512.67,474.93,538.34,539.05,483.28,119.47,80.193,109.75,111.54,112.51,143.49,9.028,63.713,65.009,-10.632,-10.594,21.289,17.234,16.667,16.667
73.674,56.28,-17.393,-17.214,-17.214,134.48,-11.248,-11.015,-6.0931,-5.9136,-16.429,-64.386,-42.934,-46.788,-46.476,-46.476,-427.6,-84.832,-77.1,-72.957,-68.395,-76.321,747.63,738.98,1365,1357.9,1360.8,1364.1,1392.3,1383.4,1425.8,762.32,103.56,114.14,52.987,28.672,27.842,19.114,27.865,7.4372,40.646,27.589,32.966,40.673,35.005,31.396,24.205,35.352,40.808,71.413,72.32,72.446,67.526,66.785,67.416,39.223,-8.6676,-8.5011,98.372,97.565,551.83,543.96,545.7,489.93,76.919,106.02,106.99,128.38,130.17,141.21,-10.644,-10.508,-10.807,-10.769,-11.095,21.627,16.993,16.667,16.667,16.667
-854.61,-854.61,-864.02,-850.57,-714.94,-783.52,-804.46,-779,-10.422,-5.9325,-175.43,-15.845,-50.615,-31.279,-46.331,-45.764,-31.99,-31.679,-85.786,-68.408,-64.209,-64.209,-72.533,-2.6741,721.7,721.8,1366.3,1293.6,1332.4,1385.2,1361.4,1446.1,1409.2,1415.3,107.45,55.425,35.247,25.009,27.698,54.703,26.75,32.976,46.51,38.056,31.51,31.275,43.194,95.773,71.713,71.815,71.703,61.267,47.816,40.463,38.701,58.344,57.716,94.875,95.157,566.1,551.55,569.29,612.59,93.33,123.51,125.3,125.94,58.819,-33.362,-11.156,-10.644,-10.508,-10.807,656.11,685.11,684.53,672.63,675.44,682.31,682.31
-854.61,-854.61,-845.27,-851.69,-846.24,-838.07,-705.33,-766.7,-772.85,-760.85,-747.97,-915.93,-757.97,-792.03,-60.803,-45.307,-44.74,-31.446,-31.446,-78.773,-64.222,-64.222,-59.616,-69.898,-11.228,-11.036,-1.7482,721.61,1296.3,1325.1,1362.6,1347.2,1438.2,1398.7,1403.6,1403.7,76.628,25.051,30.974,54.185,58.775,46.453,61.553,34.44,42.155,101.71,94.684,70.475,71.077,71.811,41.61,41.826,105.84,50.963,49.951,55.712,93.533,94.317,67.029,604.11,590.85,638.88,580.59,121.07,52.912,57.457,64.753,605.01,628.56,628.23,635.61,635.61,620.57,660.01,665.64,668.29,668.37,675.38,682.31,682.31
-854.61,-854.61,-845.22,-834.42,-850.01,-836.72,-835.1,-657.29,-679.18,-740.28,-752.63,-747.99,-749.91,-754.55,-754,-782.74,-774.01,-742.04,-741.47,-736.07,-90.241,-59.673,-55.474,-68.119,-60.966,-10.769,-10.769,-1.3279,-35.735,704.48,1303.2,1288.5,1389.6,1398.7,1387.6,1381.6,1379.1,1408.2,725.44,46.093,65.84,54.444,35.376,57.009,107.43,101.62,73.156,70.471,115.29,104.97,97.369,50.924,47.86,48.926,49.864,113.39,113.85,105.97,610.84,597.33,517.92,1130.4,662.5,663.14,674.83,689.72,648.7,621.5,628.89,609.94,616.85,612.63,658.71,661.28,661.36,668.29,668.37,675.38,682.31,682.31
0,-3.8267,-136.43,-58.464,-58.464,-73.947,-833.92,-825.76,-648.37,-804.65,-653.27,-764.73,-741.11,-741.16,-754,-745.61,-762.97,-773.19,-722.23,-733.18,-717.18,-776.19,-751.19,-734.86,-737.88,-739.13,313.24,-1.1745,7.2624,-34.376,-17.65,-16.375,1280.4,1389.3,1374.9,1388.1,1375,1386,1407.4,1315,738.08,72.042,103.64,106.55,92.904,114.45,115.57,112.82,95.681,44.476,54.485,47.452,69.387,69.844,136.59,692.61,695.48,1143.1,1223.4,1122.7,1129.6,1159.8,665.96,666.6,583.7,629.76,595.65,602.55,609.94,606.36,554.88,585.25,593.33,600.27,601.48,-58.471,-57.261,-56.074,-24.519,-20.37
0,0,-3.7765,-3.7263,-135.03,-55.597,-72.255,-70.901,-64.284,-52.609,-53.122,-33.409,-763.24,-731.03,-754,-745.61,-736.89,-762.31,-764.17,-751.3,-719.65,-708.14,-766.38,-754.19,-722.27,-736.44,-723.06,-327.21,-655.7,-688.55,-654.48,-662.46,-15.741,-26.893,1337.6,1391.6,1374.9,1399.3,1418.5,1411.1,1419.7,755.93,809.66,779.27,125.64,113.78,101.85,42.621,66.236,640.78,640.07,633.03,652.29,705.8,612.34,614.86,615.31,1169,1114.2,1122,1159.5,569.84,584.57,489.08,556.19,528.53,530.13,534.64,541.79,-96.379,-62.274,-61.064,-59.797,-59.739,-58.529,-58.471,-25.108,-19.749,-20.37,-20.37
5.3981,5.3981,0,-3.7079,-3.7079,-3.6577,-133.59,-68.012,-66.46,-62.66,-52.942,-51.593,-32.151,-25.912,-186.83,-26.674,-25.977,-25.901,-733.13,-750.66,-737.13,-699.59,-707.84,-749.64,-746.21,-721.86,-724.06,-696.39,-326.79,-639.05,-694.31,-653.21,-645.22,-657.06,-574.63,-609.69,117.46,790.48,1514.3,1524.7,1493.1,1422.5,1355.8,753.11,1319.7,1294.9,608.67,608.62,625.84,633.12,580.81,588.05,558.33,524.96,540.19,535.14,1104.7,1027,1029.1,1073.2,567.71,575.61,547.04,-63.723,-97.607,-91.749,-98.914,-97.705,-97.647,-62.332,-62.274,-61.064,-59.797,-59.739,-64.187,-21.388,-20.879,-19.749,-20.37,-20.37
35.161,35.161,35.143,6.7459,1.9825,54.489,48.879,48.382,-95.883,-13.344,-7.589,-0.53635,0.17514,20.336,26.65,-134.39,-24.74,111.23,22.971,17.948,9.8687,5.8132,8.7266,37.339,-1018.4,-690.2,-673.95,-661.01,-651.02,-261.36,-600.57,-603.1,-614.04,-585.65,-578.46,-538.03,-442.67,-343.8,769.21,1418.4,1396.5,1409.1,1362.8,1305.6,1144.5,1149,1147.8,1106.9,1124.4,508.66,503.87,556.76,516.96,524.97,604.35,1080.3,1035,477.29,480.07,482.19,-127.02,-64.88,-64.842,-93.477,-100.48,-100.66,-99.446,-98.178,-63.542,-62.332,-62.274,-62.274,-4.4688,39.111,38.49,-19.509,1.7062,1.2862,0.69443,0.69443
35.161,35.161,34.86,34.948,35.054,7.3623,3.8474,3.3505,53.725,31.605,31.237,156.41,1.799,4.2817,21.685,27.438,7.2933,8.8837,-9.2355,112.76,17.876,34.954,6.5194,9.3731,9.5721,-347.78,-27.808,-26.766,12.415,24.569,-622.88,-662.13,-51.621,-41.016,-20.71,29.122,3.377,26.302,85.704,681,716.18,709.95,1290.3,1251,1171.5,1129.5,1127.6,587.25,590.98,597.92,615.79,-33.507,-32.489,-2.9322,-2.4134,490.76,520.09,521.1,528.29,-32.12,-32.081,-27.457,-67.812,-1.8449,-2.2541,-2.196,-2.6632,32.527,32.585,0.8552,0,0,-17.083,4.9713,3.9305,3.3387,2.9188,1.9071,-37.175,-37.175
35.161,35.161,34.86,34.665,34.771,34.753,7.4682,3.8977,4.0355,4.1414,-12.494,37.518,191.63,5.9056,5.8105,22.397,29.67,8.9598,10.058,-17.343,-5.9987,2.1607,35.021,10,10.199,10.379,29.85,353.32,415.67,447.84,447.52,443.4,478.67,593.78,573.52,627.02,9.9996,25.156,24.333,52.332,9.9996,582.24,592.46,626.86,1204.2,1181.9,569.17,560.76,560.26,57.396,26.157,9.9998,47.255,61.392,57.086,72.131,72.582,607.2,38.445,38.102,38.141,-2.3831,-1.8513,-1.8449,-2.2541,-2.196,32.309,26.475,31.183,-24.996,38.872,37.284,35.725,34.513,32.925,32.333,31.366,-8.6827,-9.2745,-9.2745
7.986,35.941,35.659,-23.904,-18.188,-17.942,-17.942,-17.413,-48.605,-47.264,-46.685,-62.538,-61.812,-51.856,-47.158,-127.94,-22.692,-118.14,-137.43,-135.84,306.73,282.39,307.04,308.38,324.03,376.46,366.33,9.9996,382.68,389.37,432.15,508.12,452.87,573.92,618.64,623.08,665.23,560.29,504.28,491.37,10,110.66,109.2,73.517,58.976,9.9996,81.47,686.69,675.63,638.04,710.32,112.54,112.74,631.61,663.99,663.27,9.9996,73.909,-464.52,-460.31,-496.93,-497.4,-496.87,-2.3186,-2.8075,-26.959,1.6371,0.67014,0.078321,40.085,38.872,37.284,35.725,35.134,34.167,-6.1569,-6.704,50.156,27.9,27.9
7.986,7.986,7.986,35.519,35.519,27.108,-23.658,-17.484,-123.15,-127.87,-151.74,-151.63,-165.7,-163.94,-153.88,271.68,269.78,165.02,297.72,290.49,292.98,303.78,363.16,361.74,374.48,383.59,406.02,403.07,418.38,408.03,460.92,481.66,509.74,548.13,34.641,26.912,10,47.066,42.713,10.062,11.911,54.481,72.368,127.95,126.33,679.28,608.83,608.1,608.22,599.24,595.32,599.76,560.74,625.87,626.91,606.14,605.51,51.457,55.52,-531.38,-530.85,-522.79,-576,-547.99,-499.56,-500.15,-492.58,-420.82,-422.03,40.085,38.872,37.284,35.725,35.134,51.67,28.994,28.447,27.9,27.9,27.9
85.937,85.937,-102.73,-101.46,-74.068,-73.078,-72.936,-80.502,-79.655,262.52,270.21,240.25,241.96,234.87,242.05,253.55,264.9,272.37,338.08,185.25,304.67,362.27,391.44,410.13,388.41,412.52,412.52,404.68,46.79,79.214,20.237,63.77,62.255,76.014,109.46,27.37,39.905,10,10,10,11.77,10.026,72.646,72.702,131.51,128.82,139.26,600.68,606.27,606.71,600.44,503.6,1694.1,1671.2,1647,606.03,47.398,47.456,9.8456,-33.719,-7.1524,-549.5,-550.09,-506.53,-499.56,-500.15,-450.37,-444.02,-445.23,-437.67,-438.26,-374.64,-431.15,-431.15,-431.15,0,0,33.664,33.063,33.063
-267.21,-259.08,-254.33,118.53,108.48,113.38,151.22,152.07,511.72,305.35,306.2,313.07,309.58,250.77,242.05,291.73,308.37,321.61,351.68,473.93,458.1,466.22,11.482,12.585,30.842,45.577,74.991,13.484,9.9999,20.586,146.25,17.621,31.744,9.9996,9.9997,37.421,32.615,3.2299,10,10.33,15.079,10,10,75.462,73.828,83.786,149.81,132.37,76.715,605.47,559.34,587.2,1021.2,1079.1,1647.9,1635.3,1040.5,497.47,488.33,479.17,478.58,-17.603,18.279,25.843,-456.72,-457.93,-449.95,-388.73,-414.12,-406.14,-406.14,-439.13,-265.68,-361.26,-351.5,-315.52,-306.36,-294.88,-293.76,-293.76
83.417,83.417,88.034,111.52,122.11,126.87,124.12,128.87,169.78,180.52,291.19,338.58,342.21,348.24,364.39,462.67,576.97,28.454,28.561,33.844,35.965,33.168,10,10.484,-10.24,10,10,10,10,32.303,9.9999,9.9999,9.9996,9.9997,9.9997,9.9997,9.9997,10,10,10.335,14.942,10.299,19.045,10,84.186,94.003,97.876,142.74,117.68,64.387,64.456,1163,1089.9,1061.3,1054.1,476.09,437.72,996.48,987.33,478.7,478.11,505.91,505.31,539.42,592.09,724.43,98.128,-355.2,-353.48,-385.94,-384.21,-374.46,-362.98,-326.39,-317.24,-315.52,-306.36,-294.88,-293.76,-293.76
82.288,82.288,198.75,212.83,223.43,235.33,245.93,249.55,294.49,331.77,335.12,-14.845,-11.829,-13.148,-12.451,-7.7927,-40.876,-26.708,-23.325,-65.418,-127.11,-121,2,2,-15.718,2,-9.915,2,2,-27.718,2,2,11.48,-14.724,0.74369,-8.992,1.9997,16.095,10.56,16.503,19.638,10.269,16.172,10,48.604,97.274,86.74,90.007,69.216,62.738,616.22,617.92,608.76,1121.2,1108.5,439.06,438.05,430.7,430.28,1122,1048.7,602.12,621.26,613.68,608.45,609.55,602.59,606.09,565.6,61.177,62.9,100.14,103.63,-326.39,-317.24,-315.52,-306.36,-294.88,-293.16,-326.83
351.25,351.25,364.26,371,377.87,55.712,-292.34,-40.707,-36.763,-35.978,-32.68,-14.111,-11.095,-3.4296,-7.8952,-9.3966,-1.529,-58.595,-95.558,-91.74,-78.188,-66.123,-49.362,-86.83,-77.297,-64.122,-43.069,-9.5862,-116.03,-4.7918,-17.533,-11.339,-9.6984,-44.662,-40.236,-25.067,-19.742,-12.469,9.8803,21.292,20.389,16.446,32.752,28.188,27.148,43.067,71.914,54.216,43.145,19.55,654.58,617.92,756.84,644.44,19.27,519.99,471.69,465.6,490.97,524.65,563.22,564.99,1098.5,613.68,608.45,610.17,560.38,555.15,556.87,595.31,596.43,100.14,103.63,104.75,-61.311,34.265,34.265,0,0,0
0.61786,41.407,41.407,73.119,87.408,86.3,87.085,86.619,86.937,97.285,96.819,97.604,123.26,-45.204,-45.049,-41.706,-98.555,-99.288,-68.878,-80.829,-77.017,-59.674,-62.295,-31.852,-11.879,1.9999,-50.407,-52.028,-50.161,-47.703,-44.374,-34.799,-30.156,-51.785,-73.306,-58.694,-51.686,-47.726,1.9996,9.9997,26.208,34.555,27.829,9.9997,10.726,9.9996,30.979,57.6,54.706,653.15,621.48,680.73,640.24,18.084,68.729,42.165,45.659,539.05,528.39,569.35,563.22,564.99,558.86,560.63,1079,567.34,558.61,430.31,534.13,525.4,524.8,515.47,515.47,515.47,35.467,0,0,0,207.68,207.68
72.976,72.976,72.649,73.119,73.916,73.589,88.435,87.315,87.634,88.431,44.038,53.035,52.895,-3.1086,22.743,9.9451,9.3399,49.664,35.834,32.397,-35.129,-56.331,-14.96,-24.508,-42.908,-40.569,-34.539,-16.956,2,-59.803,-41.272,-28.929,-25.966,-19.942,-79.506,-84.055,-57.798,-44.303,-23.696,9.9998,9.9996,37.229,10.076,15.019,11.132,10,15.447,10,666.39,653.71,635.76,685.42,619.85,39.072,40.595,41.691,45.185,130.12,131.27,569.35,563.22,411.55,514.05,506.82,462.74,500.62,500.02,534.73,534.13,525.4,524.8,516.08,507.35,471.28,471.28,687.11,211.76,207.68,207.68,207.68
-1113.2,-1113.2,-1087.6,-1033.5,-1005,-1040.6,-1012.7,-1028.5,-974.88,-966.09,-940.35,-939.45,-903.63,-850.58,-823.51,-757.23,-678.05,-640.8,-627.16,-603.76,-550.81,-495.98,-511.52,-520.8,-476.56,-426.07,-459.01,-376.22,-347.74,-315.96,-289.11,-260.03,-198.46,-208.86,-215.75,-185.09,-174.74,-107.8,-39.871,10.005,84.675,114.65,133.7,185.25,191.76,249.86,281.53,327.34,975.71,1037.5,1066.7,1039,464.77,520.12,414.55,559.02,696.96,722.73,748.67,802.29,780.18,1283.9,1259.1,1316.9,1370.5,1389.8,1408.5,1462.1,1488.6,1555.6,1582.6,1563.8,1608.7,1855.7,1869.4,1896.5,1910.3,1959.8,1986.9,1533.1
-1113.8,-1113.8,-1087.5,-1073.9,-1046.8,-1052.9,-1025.9,-999.29,-945.64,-1005.6,-978.79,-939.48,-913.47,-821.32,-784.98,-758.28,-694.16,-641.22,-589.72,-545.56,-576.37,-530.78,-511.79,-494.76,-468.44,-457.02,-427.48,-367.62,-331.36,-301.66,-271.58,-256.42,-198.74,-202,-189.98,-163.17,-160.78,-85.971,-26.496,14.692,85.137,130.61,132.79,188.9,195.37,253.35,269.28,944.22,1007.4,1037.9,1071.4,490.53,503.74,561.08,325.83,593.48,696.96,722.73,747.99,801.62,828.69,850.22,828.19,1316.9,1370.5,1389.8,1408.5,1462.1,1481.9,1471.2,1726.3,1307.8,1828.6,1855.7,1869.4,1896.5,1910.3,1951.1,1978.2,1978.2
-1152.8,-1152.8,-1159.6,-1106.6,-1079.5,-1052.9,-1052.9,-1026.7,-974.07,-946.99,-920.78,-855.92,-829.08,-821.5,-783.56,-732.06,-668.68,-641.01,-598.36,-585.88,-605.65,-560.5,-555.05,-525.47,-485.96,-459.58,-455.1,-369.11,-329.31,-305.12,-295.43,-258.1,-220.19,-181.49,-175.75,-141.05,-112.09,-49.562,2.0049,10.004,93.312,109.5,138.53,201.1,233.93,243.77,271.67,934.74,987.33,985.05,1010.8,490.3,503.26,610.88,679.89,709.46,731.4,811.37,840.88,896.19,925.7,624.76,876.02,854.14,907.77,1390.4,1409.7,1657,1676.8,1699.3,1719.1,1741.6,1791.2,1384.4,1869.4,1896.5,1914.3,1743.4,1770.5,1770.5
0.64579,0.64579,0.64579,61.902,34.6,34.251,33.579,33.23,33.558,70.741,70.391,70.403,80.144,46.827,47.439,49.096,8.0138,-13.442,6.4494,2.5382,-11.551,16.357,2.0003,1.9999,1.9999,-5.5093,-9.4259,-46.612,2.0002,-9.7082,-10.244,1.3765,-12.908,-8.0682,-28.139,-6.4762,0.23621,1.9997,23.907,41.971,32.909,35.516,40.974,9.9996,9.9996,9.9996,632.66,651.16,626.17,655.29,10,56.767,99.865,129.17,122.95,161.38,168.73,174.83,181.02,187.77,190.21,193.84,196.29,199.91,207.26,365.01,360.94,466.49,673.17,669.1,661.87,650.57,646.49,646.49,219.9,0,0,445.1,445.1,445.1
0.64579,0.64579,-26.95,-26.655,-27.314,-27.032,-196.95,-38.393,-0.38995,-0.38995,1.4392,40.717,41.742,45.104,47.439,26.798,29.487,39.971,48.102,33.862,-11.409,-24.277,10,16.698,9.9999,9.9999,9.9999,9.9998,9.9999,9.9999,10,10,10,6.3416,9.9997,8.582,9.9997,17.239,21.139,25.561,28.246,18.162,37.943,33.31,46.038,689.23,657.05,560.29,579.38,605.04,28.01,24.077,257.45,133.42,132.99,178.62,138.89,142.12,132.52,139.26,190.21,193.84,445.29,404.5,407.77,411.5,364.57,367.84,371.56,812.17,808.66,805.06,584.36,580.85,223.58,419.36,0,0,0,0
-115.2,-115.2,-113.15,-109.37,-107.65,-105.6,-67.889,-66.119,-35.593,-22.672,-21.015,40.026,41.052,7.3332,25.958,26.911,27.967,34.209,19.171,21.176,14.974,15.64,74.082,88.365,65.346,54.85,45.044,46.976,40.035,10.727,22.096,9.9997,18.972,12.731,20.223,9.9997,9.9997,13.985,15.296,20.066,27.452,18.655,14.368,40.674,34.515,665.62,647.31,649.7,648.38,10,19.435,63.164,64.425,109.19,11.054,54.493,54.593,54.097,54.626,344.8,372.59,369.79,405.62,404.5,407.77,410.82,410.37,417.72,375.64,143.07,146.79,577.01,584.36,580.85,577.24,580.96,584.59,591.94,183.53,183.53
-116.86,-116.86,-114.79,-111,-73.892,-72.105,-43.068,-41.281,-26.59,-24.267,-21.015,-55.875,-54.105,-35.48,21.72,82.784,123.9,70.949,70.046,53.851,44.051,46.321,79.73,78.54,84.027,115.18,110.09,98.987,47.749,49.889,9.9997,9.9997,21.048,9.9997,30.453,14.972,10,14.734,10.026,19.721,16.067,18.778,15.622,10,735.45,645.51,634.29,690.71,87.947,14.945,72.876,126.72,136.13,63.235,64.079,86.499,88.044,314.79,311.24,266.33,229.01,225.46,225.57,267.98,254.49,628.45,418.17,181.53,185.25,143.07,146.79,150.42,584.36,580.85,577.24,580.96,577.36,584.71,588.43,588.43
-116.86,-116.86,-80.888,-77.378,-47.777,-45.391,-32.244,-32.34,139.8,45.603,8.924,8.924,26.028,27.053,27.053,31.263,13.81,-3.4142,52.679,44.954,47.854,68.464,64.695,64.143,73.282,72.583,109.48,120.89,9.9996,87.08,45.581,29.892,54.819,52.419,26.498,20.094,12.764,17.774,10,14.014,10.387,19.393,23.047,679.77,624.21,719.59,708.4,711.45,68.24,156.57,193.35,118.03,63.08,81.894,336.61,340.14,352.08,310.91,306.83,265.79,265.9,225.46,225.57,226.1,24.808,24.241,24.241,13.935,45.135,45.135,0,0,357.27,161.49,577.24,580.96,577.36,584.71,581.2,581.2
-85.326,-85.326,31.94,32.556,43.492,43.996,44.596,44.5,9.02,9.02,14.355,21.03,28.825,27.645,31.72,31.263,-3.0918,-3.3605,-12.391,-24.565,10.163,10.34,64.97,64.526,66.876,80.643,80.001,97.422,75.073,32.91,78.472,192.49,86.988,108.02,121.13,62.131,23.626,11.108,10,13.926,10.397,10,16.892,645.89,675.14,675.93,735.97,100.64,161.44,157.3,108.55,27.232,432.33,362.2,352.39,306.99,296.78,335.65,332.4,338.55,307.21,265.89,-22.837,-22.308,-21.674,-21.568,24.769,24.73,24.163,24.691,24.797,14.848,0,0,0,0,404.9,404.9,769.82,769.82
33.584,33.584,33.584,45.12,45.12,45.607,51.135,17.46,15.463,32.921,29.884,29.293,28.704,32.43,31.906,-2.3662,-11.124,-18.818,-57.525,9.7938,9.7872,9.9419,10,16.28,10,27.614,71.169,54.64,20.273,49.409,68.192,63.481,80.13,98.892,113.81,119.94,112.26,80.583,59.909,10,10.13,10.067,703.12,696.07,683.99,729.76,10,176.96,177.04,401.72,401.81,398.92,9.9998,265.39,265.88,310.2,307.67,292.3,336.47,78.111,79.556,80.91,91.88,-104.77,-21.674,-21.568,-21.039,24.73,24.163,24.691,24.124,24.652,25.287,-18.395,-28.556,0,0,0,397.67,397.67
33.584,44.746,44.633,85.852,19.709,19.176,19.176,18.757,24.38,31.929,31.324,30.732,35.155,34.563,-0.16373,-19.243,-15.417,-21.578,-6.778,9.7036,9.6971,10.862,13.419,9.1421,-51.891,15.724,17.533,-36.009,-129.25,33.108,110.74,47.725,112.67,76.397,114.76,116.13,107.85,111.19,107.9,68.152,66.119,749.79,736.87,733.85,727.47,728.64,103.51,330.8,408.45,410.15,418.78,363.02,379.15,-36.197,266.21,266.54,-5.8318,33.448,34.802,57.078,79.556,80.375,81.819,83.173,48.796,-71.479,-20.933,-20.404,24.163,24.691,24.124,23.979,24.613,24.719,25.248,-17.76,-17.76,-28.027,0,0
56.134,56.134,22.017,20.893,20.301,19.881,8.3533,25.578,32.4,31.808,31.622,35.927,30.257,-7.9812,-16.042,-15.761,-20.344,-14.336,11.135,12.032,14.572,21.732,13.933,2.9956,15.963,16.002,-40.963,-3.4827,-13.067,-3.3251,7.4431,24.553,-16.109,52.226,84.595,115.76,108.88,107.56,111.29,153.92,83.246,808.56,793.48,825.66,1075.3,436.82,341.73,293.37,326.34,376.42,369.17,352.13,371.76,367.87,-300.5,-2.0415,-1.4016,21.117,-5.2705,38.108,74.644,80.375,81.285,82.638,85.437,51.594,51.594,-79.863,0,9.9495,24.124,23.979,24.613,24.046,24.574,24.68,-17.231,-16.596,-16.491,-16.491
22.55,22.55,22.017,21.005,20.414,8.9451,26.183,34.017,-7.0721,25.478,30.307,8.8645,-16.583,-16.302,-16.042,-20.684,-14.686,11.172,14.291,21.541,18.018,3.3421,1.2005,13.747,14.754,-25.917,-5.7188,-21.232,-5.194,2.8348,58.163,-10.791,-14.57,0.38068,108.67,40.802,72.044,107.7,156.99,159.81,859.17,1142.6,1112.6,1086.9,400.4,386.37,400.83,345.95,325.54,325.71,687.49,96.835,106.62,90.992,110.87,-295.05,-1.6245,-1.3133,-15.828,-5.803,-5.6235,158.77,75.841,82.104,84.902,86.346,52.947,55.746,57.19,57.19,0,43.114,53.275,24.046,23.901,24.007,24.535,-16.596,-16.491,-16.491
22.55,22.55,22.13,10.377,27.801,-5.76,25.607,25.421,18.041,26.357,8.7385,-16.869,-16.588,-16.248,-20.965,-15.195,11.919,21.52,17.951,18.042,-72.181,-4.5895,-4.7993,11.761,-28.463,-0.21513,75.638,-11.356,-5.7981,47.442,11.314,10.974,-10.012,-6.9959,2.11,116.54,10.713,151.23,105.32,419.08,1111.8,1159.1,1136.4,1121,445.34,351.22,359.16,356.41,297.31,44.181,48.041,449.55,149.49,149.5,115.44,115.51,-290.19,19.671,-0.78413,-14.759,-20.295,-5.2781,30.189,161.13,64.774,84.822,86.192,54.789,56.233,57.604,59.048,59.048,-75.802,42.44,41.767,52.14,23.968,24.497,24.602,-16.491
23.083,23.083,0,18.016,25.792,25.607,17.946,21.279,26.417,8.6543,0.66092,-16.815,-16.534,-21.304,-14.593,8.9874,17.95,17.937,18.016,-4.6461,-17.472,-6.606,-31.01,-30.575,7.2721,9.9448,-11.996,-6.0055,39.612,9.326,11.153,-110.66,-8.5106,-20.835,1.5041,109.93,420.95,366.26,402.1,1125.1,1102.3,1065.2,1095.6,336.67,382.23,370.64,72.26,71.49,79.431,55.161,49.268,49.219,453.6,152.74,152.68,150.06,166.61,129.27,4.412,0.39002,-13.701,7.6707,-5.0986,30,29.661,162.21,87.102,88.472,56.233,57.604,59.048,60.419,63.234,64.678,-32.218,40.877,40.22,40.237,50.822,50.822
0,0,18.202,25.671,17.93,20.962,21.083,26.153,8.5283,0.63477,-17.021,-16.762,-21.644,-14.293,8.8311,17.897,17.821,-68.159,-5.6562,-19.439,-10.881,-32.588,-31.144,6.1294,9.3279,7.3528,-12.514,39.29,1.9328,9.0858,14.521,4.8331,-115.88,363.48,423.31,427.49,385.03,361.15,1074.5,1093.2,1048.5,1052.1,1046.7,49.857,43.192,98.351,62.955,41.404,72.508,20.398,54.562,58.835,48.691,446.59,153.79,157.36,175.92,170.83,170.77,45.895,32.033,-12.61,-12.298,-18.959,29.99,29.635,29.117,12.802,90.827,59.048,59.048,60.419,63.234,64.678,66.049,109.26,-31.521,40.237,39.563,39.563
0,25.921,17.915,20.888,20.888,21.09,8.2428,0.54605,0.55051,-17.329,-9.5464,-16.741,-14.483,-8.9049,18.01,17.897,-68.264,-11.282,-11.277,-22.698,-51.417,-34.401,88.593,24.478,13.811,-12.635,33.303,1.8117,1.8117,12.444,9.0227,373.77,424.95,423.86,435.88,382.25,383.37,365.55,1077.8,975.79,1037.7,717.11,36.108,36.126,39.929,44.629,63.287,63.708,42.034,42.803,-23.135,15.848,58.15,57.604,446.97,161.92,161.29,184.22,189.95,179.78,45.575,31.336,47.8,28.081,21.07,30.625,30.419,30.927,31.106,14.416,136.3,61.863,63.234,64.678,66.049,67.493,68.864,111.42,-30.824,39.563
20.862,20.862,20.757,21.016,21.074,8.1168,0.46625,0.46625,-9.9539,-11.942,-14.55,-14.55,-9.0612,8.7025,17.92,-3.0419,-7.7029,-15.599,-23.706,-51.604,-35.668,17.982,22.83,12.163,32.815,33.149,-3.6497,1.6105,342.89,393.91,383,429.09,425.02,420.45,391.65,396.79,385.22,1016.7,773.19,713.28,709.57,2.9758,1.2962,22.923,36.614,44.183,88.975,53.688,64.019,64.807,-3.9309,29.248,16.634,15.673,15.758,44.993,175.03,184.22,183.59,166.6,184.42,45.593,31.648,31.249,27.87,48.541,67.039,67.547,67.191,30.572,30.751,0,138.68,65.585,66.938,68.383,69.737,72.535,114.4,114.4
20.862,20.862,20.942,21.202,7.9691,0.382,8.127,-13.351,-12.144,-14.74,-14.751,-9.3422,8.5846,-70.128,-5.0723,-11.96,-16.581,-24.675,-65.19,33.627,17.925,22.696,22.696,48.264,32.815,-3.8858,339.28,387.51,397.89,443.28,438.89,429.18,425.14,377.07,399.74,30.08,718.96,698.6,719.89,835.44,721.6,-15.438,5.3202,1.7029,9.4219,31.255,31.457,89.167,54.753,55.486,66.174,20.541,29.202,29.16,16.794,11.671,3.761,143.1,157.28,191.26,195.83,202.53,31.648,31.583,31.829,48.652,28.959,53.175,66.56,65.723,65.902,65.902,-18.405,0,140.12,68.383,69.737,72.535,73.979,73.979
20.862,20.862,20.862,0.27159,8.1762,5.043,6.0703,-10.128,-14.98,-14.98,-9.6723,8.5052,-71.111,-11.605,-13.847,-18.378,-17.369,-66.159,32.431,21.607,21.607,21.607,47.709,378.4,337.78,390.85,391.86,390.78,447.17,443.54,438.9,433.95,389.45,11.23,-40.679,-131.46,714.28,754.19,724.16,728.6,-3.4476,-11.693,-18.988,1.4591,9.5602,9.6104,25.43,73.144,55.522,56.66,56.992,1.2681,53.734,29.178,29.504,25.466,12.732,9.9443,147.53,165.44,169.41,160.65,172.86,-245.24,31.829,32.141,31.742,48.113,53.053,65.723,65.368,65.065,64.942,33.576,16.347,34.094,143.01,73.979,73.979,73.979
20.968,20.968,5.204,5.1503,6.1346,8.1998,-10.544,-15.248,-15.22,-9.9533,8.3873,-19.692,-15.876,-14.92,-19.243,-19.243,-68.572,-45.21,6.1877,21.038,375.32,408.15,397.92,402.77,391.13,390.61,452.93,447.72,447.09,442.34,109.67,9.2104,13.732,-43.9,-40.614,731.15,642.8,757.61,744.14,-5.4099,-12.619,-11.62,-15.231,-2.1121,9.6986,9.7488,3.7175,3.5128,73.495,44.029,56.856,59.108,5.7035,45.876,39.261,29.469,25.653,17.951,9.8052,166.36,169.05,168.91,177.67,144.38,-278.05,-5.1104,-4.5438,31.989,32.3,81.571,65.368,64.53,64.407,64.586,32.945,33.124,32.831,32.2,176.66,176.66
0,5.204,5.204,6.1883,8.2641,-10.49,-15.641,-15.45,-10.273,-101.28,-20.906,-17.84,-16.884,-21.117,-61.496,18.556,-45.568,5.793,378.74,378.74,412.08,451.55,407.29,402.61,390.98,451.81,456.81,456.97,114.53,56.715,13.637,-46.568,-42.311,-44.251,-41.118,775.42,766.14,760.39,766.65,6.1822,-12.582,-4.441,-15.095,-8.8772,2.3387,9.8872,9.9543,3.839,60.074,21.664,45.499,46.113,5.4004,37.911,40.729,39.082,35.473,25.978,17.898,9.6782,174.67,174.31,178.52,181.5,173.03,-251.45,-4.2325,-3.6659,-3.3547,-3.1218,81.141,51.668,63.872,64.052,63.749,33.453,32.822,14.781,32.2,32.2
5.2576,6.2633,8.29,8.2793,-10.666,-15.679,-15.641,-10.502,-102.53,-24.027,-17.75,-17.763,-22.991,-63.805,27.712,325.55,355.72,367.27,377.91,474.69,466.91,416.27,407.25,457.27,460.98,115.17,108.48,62,62.251,11.863,-42.836,-46.548,-42.29,-39.699,769.41,771.11,771.11,769.83,16.996,6.187,-3.7552,-14.665,91.234,-0.8209,-0.49649,2.4771,10.03,3.839,3.6132,60.815,23.466,42.668,46.464,-7.7091,44.995,39.743,35.288,35.431,17.161,17.914,36.212,451.44,178.52,182.58,187.01,177.45,-250.94,4.8522,-3.3547,-2.788,-2.4768,28.533,34.663,29.958,63.749,63.928,33.15,33.027,33.206,15.439
8.2775,8.2239,8.2132,-10.906,-15.87,-15.668,-109.65,-44.915,-29.512,-29.512,-18.758,-22.991,-64.814,333.88,329.19,359.79,367.52,437.63,474.51,470.73,424.16,415.88,115.9,111.17,111.36,54.887,54.888,62.781,-40.341,-45.226,-42.836,-42.593,-42.69,778.92,774.89,756.86,771.2,769.92,9.5603,-2.1815,-1.957,-1.5139,-16.119,99.31,-0.59799,-4.4254,2.6515,3.8341,3.6132,60.815,29.031,21.802,24.709,-7.1308,-7.1983,31.811,39.64,35.876,35.344,35.572,9.5299,27.359,469.19,186.91,186.78,182.76,182.62,-274.52,4.8852,5.4519,-2.4768,-2.2439,28.776,47.777,17.355,29.931,30.26,0.827,33.206,33.206
8.2775,8.2775,8.2668,-16.099,-15.859,-109.89,-47.261,-31.656,-30.688,-19.611,353.85,403.65,338.13,328.75,362.48,414.91,464.46,478.45,474.71,439.91,131.68,116.96,116.34,57.064,57.148,55.34,63.069,-40.992,-45.261,-45.231,-43.289,-42.973,2.4517,778.97,774.86,764.93,775.1,9.1437,12.704,-110.53,-2.012,-3.8009,-4.9936,0.075018,103.98,0.0067665,-4.1838,-3.3395,3.9556,3.6893,61.556,29.722,23.536,30.347,-25.343,23.802,31.565,36.104,35.907,34.309,34.537,9.6277,27.285,465.04,204.67,195.33,186.82,191.25,-251.28,19.481,5.3128,5.8794,6.7573,29.754,29.22,34.419,29.904,30.233,1.0065,1.0065
8.3312,8.3312,-16.53,-17.148,-113.09,-48.638,-33.724,354.11,361.22,362.21,402.74,341.87,342.62,419.67,419.07,472.33,486.54,112.11,77.905,132.83,118.01,62.106,65.298,57.603,51.135,-3.1847,-41.083,-41.083,-45.235,-45.231,-43.519,2.5943,792.99,779.01,778.37,773,9.393,9.393,12.958,13.498,-108.59,-0.75003,3.2637,3.2637,6.5787,0.073881,-3.9422,-3.808,-3.0889,7.2291,62.17,62.246,31.582,25.375,-28.196,-24.832,23.471,27.954,22.873,36.043,34.34,26.143,43.715,26.852,464.98,200.58,200.51,191.25,191.26,-251.42,19.804,7.1903,7.63,6.7903,36.964,29.229,16.529,46.639,29.878,1.0065
8.3955,-11.154,-114.47,-55.762,-55.139,336.77,357.2,353.22,453.23,345.69,346.36,404.67,423.3,423.3,464.96,101.76,112.06,139.17,138.59,76.772,61.952,65.689,57.944,51.673,-3.3535,-49.774,-41.174,-41.057,-45.713,-45.704,6.6815,793.14,797.32,787.2,786.44,786.52,9.6422,9.6422,4.7884,13.297,-9.6028,-107.18,1.0386,3.3581,17.532,100.64,0.34938,-3.6335,-10.144,-3.095,7.3052,62.86,32.196,33.366,30.246,-29.404,2.0362,5.3493,27.757,22.866,22.951,36.178,26.089,42.975,42.889,468.35,209.14,197.17,209.3,199.89,-247.21,-9.5672,20.517,7.9533,8.3808,36.935,36.633,46.727,34.174,46.284
-19.751,-115.43,342.15,339.74,339.74,355.22,356.23,456.3,345.43,409.01,408.85,431.53,48.139,90.397,102.48,112.23,140.52,82.789,76.217,62.534,66.31,66.31,-7.9752,-8.0064,-50.33,-49.623,-41.174,-41.057,-45.713,0,6.702,793.2,797.39,795.4,794.59,4.2672,-5.0813,9.7956,1.8359,13.215,-1.6617,-9.8568,4.0361,3.4017,1.5355,15.777,99.324,-3.6335,-9.9642,-9.9642,-2.8396,66.964,63.601,33.98,37.703,-29.354,-29.354,2.1048,10.071,22.951,23.037,22.773,22.877,38.436,42.749,42.749,468.35,208.16,201.38,206.08,210.79,-247.35,8.6623,20.84,8.6921,8.7042,38.003,37.886,37.01,23.554
287.52,344.17,341.67,338.57,359.2,355.22,460.39,413.27,417.32,26.223,57.79,47.785,89.878,90.397,112.65,83.113,83.151,88.766,76.102,66.195,66.31,6.0918,-8.007,-54.901,-50.416,-41.738,-41.707,-46.191,0.23363,0,813.4,793.28,797.39,790.69,4.1091,0,-5.0813,9.8915,1.9318,8.1675,-1.7805,-1.5522,-98.66,-0.68172,3.4525,9.9626,17.805,99.586,-9.9691,-9.9691,-10.221,-2.8396,66.964,33.98,34.616,39.483,-28.812,0.29929,-1.4245,10.071,5.5294,22.773,22.962,22.765,24.321,42.381,42.381,489.49,204.8,204.94,213.85,215.01,-250.78,8.6744,21.035,8.7042,9.1317,38.219,38.543,38.543
338.96,343.55,339.48,356.17,453.15,395.71,421.77,26.491,26.491,58.058,47.35,90.479,90.479,32.687,83.56,82.979,88.84,77.19,67.322,5.9769,6.0918,0,-55.457,-54.983,-50.36,-42.303,-42.272,0.22922,0,0,813.47,801.57,805.6,798.83,4.0301,0,-5.0813,10.141,2.099,5.2749,13.412,6.0604,-4.847,-98.425,3.642,11.99,17.564,17.854,98.139,-9.9739,-10.042,-10.042,57.613,67.654,38.543,39.975,40.716,-28.319,-3.2127,-3.2127,10.193,5.6516,5.7373,22.851,22.673,24.178,28.037,41.73,493.4,225.6,213.85,218.05,222.75,-246.57,-246.57,-9.1415,21.864,10.194,38.543,38.543
338.75,343.35,363.3,460.2,0.60924,0,26.76,26.594,26.594,48.552,91.682,32.168,32.168,0,83.685,83.064,88.926,67.322,5.8619,5.9769,0,0,-55.539,-55.066,-50.443,-42.272,4.6227,0.22922,0,0,813.54,809.79,813.82,0.28112,4.0301,0,0,10.294,2.1703,5.3462,13.33,6.0604,2.8844,-4.5552,-99.538,12.101,17.675,17.921,108.36,-9.9739,-10.042,-10.042,-10.042,68.345,39.234,43.238,40.716,-28.319,-3.2127,-3.2127,0,10.279,5.8227,5.9084,22.673,24.178,28.037,27.755,27.755,481.89,213.85,218.05,222.75,-247.74,-247.74,0,1.1994,14.989,10.206,10.206
